ALABAMA CONGRESSIONAL DISTRICTS BY ZIP CODE TABULATION AREA (ZCTA)

ZCTA                                                                        Congressional District

30165                                                                                            3
31905                                                                                            3
35004                                                                                            3
35005                                                                                          6,7
35006                                                                                        4,6,7
35007                                                                                            6
35010                                                                                        2,3,6
35013                                                                                            6
35014                                                                                            3
35016                                                                                            4
35019                                                                                          4,5
35020                                                                                          6,7
35022                                                                                          6,7
35023                                                                                          6,7
35031                                                                                          4,6
35032                                                                                            3
35033                                                                                            4
35034                                                                                          6,7
35035                                                                                            6
35036                                                                                            6
35040                                                                                            6
35042                                                                                            6
35043                                                                                            6
35044                                                                                            3
35045                                                                                            6
35046                                                                                            6
35049                                                                                            6
35051                                                                                            6
35052                                                                                            3
35053                                                                                            4
35054                                                                                            3
35055                                                                                            4
35057                                                                                            4
35058                                                                                            4
35060                                                                                            6
35061                                                                                          6,7
35062                                                                                          4,6
35063                                                                                          4,6
35064                                                                                            7
35068                                                                                          6,7
35070                                                                                            4
35071                                                                                            6
35072                                                                                          3,6
35073                                                                                            6
35074                                                                                            6
35077                                                                                            4
35078                                                                                            6
35079                                                                                            6
35080                                                                                            6
35082                                                                                            3
35083                                                                                            4
35085                                                                                            6
35087                                                                                          4,5
35089                                                                                          3,6
35091                                                                                            6
35094                                                                                          3,6
35096                                                                                            3
35097                                                                                            6
35098                                                                                            4
35111                                                                                          6,7
35112                                                                                            3
35114                                                                                            6
35115                                                                                            6
35116                                                                                            6
35117                                                                                          6,7
35118                                                                                          6,7
35119                                                                                            6
35120                                                                                            3
35121                                                                                        3,4,6
35124                                                                                            6
35125                                                                                            3
35126                                                                                            6
35127                                                                                          6,7
35128                                                                                            3
35130                                                                                          4,6
35131                                                                                            3
35133                                                                                          3,6
35135                                                                                            3
35136                                                                                            6
35139                                                                                            6
35143                                                                                            6
35146                                                                                          3,6
35147                                                                                            6
35148                                                                                          4,6
35149                                                                                            3
35150                                                                                          3,6
35151                                                                                          3,6
35160                                                                                            3
35171                                                                                            6
35172                                                                                            6
35173                                                                                          3,6
35175                                                                                          4,5
35176                                                                                            6
35178                                                                                          3,6
35179                                                                                          4,5
35180                                                                                            6
35183                                                                                            6
35184                                                                                            6
35186                                                                                            6
35187                                                                                            6
35188                                                                                          6,7
35203                                                                                            7
35204                                                                                            7
35205                                                                                          6,7
35206                                                                                          6,7
35207                                                                                          6,7
35208                                                                                            7
35209                                                                                          6,7
35210                                                                                          6,7
35211                                                                                          6,7
35212                                                                                          6,7
35213                                                                                          6,7
35214                                                                                          6,7
35215                                                                                          6,7
35216                                                                                            6
35217                                                                                          6,7
35218                                                                                            7
35221                                                                                            7
35222                                                                                          6,7
35223                                                                                          6,7
35224                                                                                          6,7
35226                                                                                          6,7
35228                                                                                            7
35229                                                                                            6
35233                                                                                            7
35234                                                                                            7
35235                                                                                          6,7
35242                                                                                            6
35243                                                                                            6
35244                                                                                          6,7
35254                                                                                            7
35401                                                                                          4,7
35404                                                                                          4,7
35405                                                                                            7
35406                                                                                          4,7
35441                                                                                            7
35442                                                                                            7
35443                                                                                            7
35444                                                                                        4,6,7
35446                                                                                          4,7
35447                                                                                            7
35452                                                                                          4,7
35453                                                                                          4,7
35456                                                                                          6,7
35457                                                                                            4
35458                                                                                            4
35459                                                                                            7
35460                                                                                            7
35461                                                                                            7
35462                                                                                            7
35463                                                                                            7
35464                                                                                            7
35466                                                                                          4,7
35469                                                                                            7
35470                                                                                            7
35473                                                                                          4,7
35474                                                                                            7
35475                                                                                            4
35476                                                                                          4,7
35477                                                                                            7
35480                                                                                          4,7
35481                                                                                            7
35490                                                                                          4,7
35501                                                                                            4
35503                                                                                            4
35504                                                                                            4
35540                                                                                            4
35541                                                                                            4
35542                                                                                            4
35543                                                                                            4
35544                                                                                            4
35545                                                                                            4
35546                                                                                            4
35548                                                                                            4
35549                                                                                            4
35550                                                                                            4
35552                                                                                            4
35553                                                                                            4
35554                                                                                            4
35555                                                                                          4,7
35559                                                                                            4
35563                                                                                            4
35564                                                                                            4
35565                                                                                            4
35570                                                                                            4
35571                                                                                            4
35572                                                                                            4
35574                                                                                          4,7
35575                                                                                            4
35576                                                                                          4,7
35577                                                                                            4
35578                                                                                            4
35579                                                                                            4
35580                                                                                            4
35581                                                                                            4
35582                                                                                            4
35584                                                                                            4
35585                                                                                            4
35586                                                                                            4
35587                                                                                            4
35592                                                                                            4
35593                                                                                            4
35594                                                                                            4
35601                                                                                            5
35603                                                                                          4,5
35610                                                                                            5
35611                                                                                            5
35613                                                                                            5
35614                                                                                            5
35615                                                                                            5
35616                                                                                            4
35618                                                                                            4
35619                                                                                          4,5
35620                                                                                            5
35621                                                                                          4,5
35622                                                                                          4,5
35630                                                                                            5
35633                                                                                            5
35634                                                                                            5
35640                                                                                            5
35643                                                                                            4
35645                                                                                            5
35646                                                                                            4
35647                                                                                            5
35648                                                                                            5
35649                                                                                            5
35650                                                                                            4
35651                                                                                            4
35652                                                                                            5
35653                                                                                            4
35654                                                                                            4
35660                                                                                            4
35661                                                                                            4
35670                                                                                            5
35671                                                                                            5
35672                                                                                            4
35673                                                                                          4,5
35674                                                                                            4
35677                                                                                            5
35739                                                                                            5
35740                                                                                            5
35741                                                                                            5
35744                                                                                            5
35745                                                                                            5
35746                                                                                            5
35747                                                                                            4
35748                                                                                            5
35749                                                                                            5
35750                                                                                            5
35751                                                                                            5
35752                                                                                            5
35754                                                                                          4,5
35755                                                                                          4,5
35756                                                                                            5
35757                                                                                            5
35758                                                                                            5
35759                                                                                            5
35760                                                                                          4,5
35761                                                                                            5
35763                                                                                            5
35764                                                                                            5
35765                                                                                          4,5
35766                                                                                            5
35768                                                                                            5
35769                                                                                          4,5
35771                                                                                          4,5
35772                                                                                            5
35773                                                                                            5
35774                                                                                            5
35775                                                                                            5
35776                                                                                          4,5
35801                                                                                            5
35802                                                                                            5
35803                                                                                            5
35805                                                                                            5
35806                                                                                            5
35808                                                                                            5
35810                                                                                            5
35811                                                                                            5
35816                                                                                            5
35824                                                                                            5
35896                                                                                            5
35901                                                                                          3,4
35903                                                                                          3,4
35904                                                                                            4
35905                                                                                          3,4
35906                                                                                            4
35907                                                                                            4
35950                                                                                            4
35951                                                                                            4
35952                                                                                          4,6
35953                                                                                            3
35954                                                                                            4
35956                                                                                            4
35957                                                                                            4
35958                                                                                            5
35959                                                                                            3
35960                                                                                            3
35961                                                                                          3,4
35962                                                                                            4
35963                                                                                            4
35966                                                                                          4,5
35967                                                                                          3,4
35968                                                                                            4
35971                                                                                            4
35972                                                                                          3,4
35973                                                                                          3,4
35974                                                                                            4
35975                                                                                            4
35976                                                                                            4
35978                                                                                          4,5
35979                                                                                          4,5
35980                                                                                          4,6
35981                                                                                            4
35983                                                                                            3
35984                                                                                            4
35986                                                                                            4
35987                                                                                            3
35988                                                                                            4
35989                                                                                            4
35990                                                                                            4
36003                                                                                            2
36005                                                                                            2
36006                                                                                          2,6
36009                                                                                            2
36010                                                                                            2
36013                                                                                            3
36016                                                                                            2
36017                                                                                            2
36020                                                                                            2
36022                                                                                            2
36024                                                                                            2
36025                                                                                            2
36026                                                                                          2,6
36027                                                                                          2,3
36028                                                                                            2
36029                                                                                          2,3
36030                                                                                            2
36031                                                                                            3
36032                                                                                          2,7
36033                                                                                          1,2
36034                                                                                            2
36035                                                                                            2
36036                                                                                            2
36037                                                                                            2
36038                                                                                            2
36039                                                                                            3
36040                                                                                            7
36041                                                                                            2
36042                                                                                            2
36043                                                                                          2,7
36046                                                                                            2
36047                                                                                          2,7
36048                                                                                            2
36049                                                                                            2
36051                                                                                          2,6
36052                                                                                          2,3
36053                                                                                            2
36054                                                                                            2
36064                                                                                          2,3
36066                                                                                            2
36067                                                                                            2
36069                                                                                            2
36071                                                                                            2
36075                                                                                            3
36078                                                                                          2,3
36079                                                                                            2
36080                                                                                          2,6
36081                                                                                            2
36082                                                                                            2
36083                                                                                            3
36088                                                                                            3
36089                                                                                          2,3
36091                                                                                          2,6
36092                                                                                            2
36093                                                                                            2
36104                                                                                          2,7
36105                                                                                          2,7
36106                                                                                          2,7
36107                                                                                            2
36108                                                                                          2,7
36109                                                                                            2
36110                                                                                            2
36111                                                                                            2
36112                                                                                            2
36113                                                                                          2,7
36115                                                                                            2
36116                                                                                        2,3,7
36117                                                                                          2,3
36201                                                                                            3
36203                                                                                            3
36205                                                                                            3
36206                                                                                            3
36207                                                                                            3
36250                                                                                            3
36251                                                                                            3
36255                                                                                            3
36256                                                                                            3
36258                                                                                            3
36260                                                                                            3
36262                                                                                            3
36263                                                                                            3
36264                                                                                            3
36265                                                                                            3
36266                                                                                            3
36267                                                                                            3
36268                                                                                            3
36269                                                                                            3
36271                                                                                            3
36272                                                                                          3,4
36273                                                                                            3
36274                                                                                            3
36276                                                                                            3
36277                                                                                            3
36278                                                                                            3
36279                                                                                            3
36280                                                                                            3
36301                                                                                            2
36303                                                                                            2
36305                                                                                            2
36310                                                                                            2
36311                                                                                            2
36312                                                                                            2
36313                                                                                            2
36314                                                                                            2
36316                                                                                            2
36317                                                                                            2
36318                                                                                            2
36319                                                                                            2
36320                                                                                            2
36321                                                                                            2
36322                                                                                            2
36323                                                                                            2
36330                                                                                            2
36340                                                                                            2
36343                                                                                            2
36344                                                                                            2
36345                                                                                            2
36346                                                                                            2
36350                                                                                            2
36351                                                                                            2
36352                                                                                            2
36353                                                                                            2
36360                                                                                            2
36362                                                                                            2
36370                                                                                            2
36371                                                                                            2
36373                                                                                            2
36374                                                                                            2
36375                                                                                            2
36376                                                                                            2
36401                                                                                          1,2
36420                                                                                          1,2
36421                                                                                            2
36425                                                                                            1
36426                                                                                          1,2
36432                                                                                          1,2
36435                                                                                            7
36436                                                                                            7
36439                                                                                            1
36441                                                                                            1
36442                                                                                            2
36444                                                                                            1
36445                                                                                            1
36446                                                                                            7
36451                                                                                          1,7
36453                                                                                            2
36454                                                                                            2
36455                                                                                            2
36456                                                                                            2
36460                                                                                          1,2
36467                                                                                            2
36470                                                                                            1
36471                                                                                          1,2
36473                                                                                            2
36474                                                                                            2
36475                                                                                          1,2
36476                                                                                            2
36477                                                                                            2
36480                                                                                            1
36481                                                                                          1,7
36482                                                                                          1,7
36483                                                                                          1,2
36502                                                                                          1,2
36505                                                                                            1
36507                                                                                            1
36509                                                                                            1
36511                                                                                            1
36512                                                                                            1
36513                                                                                            1
36518                                                                                            1
36521                                                                                            1
36522                                                                                            1
36523                                                                                            1
36524                                                                                            7
36525                                                                                            1
36526                                                                                            1
36527                                                                                            1
36528                                                                                            1
36529                                                                                            1
36530                                                                                            1
36532                                                                                            1
36535                                                                                            1
36538                                                                                            1
36539                                                                                            1
36540                                                                                            7
36541                                                                                            1
36542                                                                                            1
36543                                                                                            1
36544                                                                                            1
36545                                                                                          1,7
36548                                                                                            1
36549                                                                                            1
36550                                                                                            1
36551                                                                                            1
36553                                                                                            1
36555                                                                                            1
36556                                                                                            1
36558                                                                                          1,7
36559                                                                                            1
36560                                                                                            1
36561                                                                                            1
36562                                                                                            1
36564                                                                                            1
36567                                                                                            1
36568                                                                                            1
36569                                                                                            1
36571                                                                                            1
36572                                                                                            1
36574                                                                                            1
36575                                                                                            1
36576                                                                                            1
36578                                                                                            1
36579                                                                                            1
36580                                                                                            1
36581                                                                                            1
36582                                                                                            1
36583                                                                                            1
36584                                                                                            1
36585                                                                                            1
36587                                                                                            1
36590                                                                                            1
36602                                                                                            1
36603                                                                                            1
36604                                                                                            1
36605                                                                                            1
36606                                                                                            1
36607                                                                                            1
36608                                                                                            1
36609                                                                                            1
36610                                                                                            1
36611                                                                                            1
36612                                                                                            1
36613                                                                                            1
36615                                                                                            1
36616                                                                                            1
36617                                                                                            1
36618                                                                                            1
36619                                                                                            1
36688                                                                                            1
36693                                                                                            1
36695                                                                                            1
36701                                                                                            7
36703                                                                                          2,7
36720                                                                                            7
36722                                                                                            7
36723                                                                                            7
36726                                                                                            7
36727                                                                                            7
36728                                                                                            7
36732                                                                                            7
36736                                                                                            7
36738                                                                                            7
36740                                                                                            7
36742                                                                                            7
36744                                                                                            7
36748                                                                                            7
36749                                                                                          2,7
36750                                                                                            6
36751                                                                                          1,7
36752                                                                                            7
36753                                                                                          1,7
36754                                                                                            7
36756                                                                                            7
36758                                                                                        2,6,7
36759                                                                                            7
36761                                                                                            7
36763                                                                                            7
36765                                                                                            7
36766                                                                                            7
36767                                                                                            7
36768                                                                                          1,7
36769                                                                                            7
36773                                                                                            7
36775                                                                                            7
36776                                                                                            7
36782                                                                                            7
36783                                                                                            7
36784                                                                                            7
36785                                                                                            7
36786                                                                                            7
36790                                                                                            6
36792                                                                                            6
36793                                                                                          6,7
36801                                                                                            3
36804                                                                                            3
36830                                                                                            3
36832                                                                                            3
36849                                                                                            3
36850                                                                                            3
36852                                                                                            3
36853                                                                                            3
36854                                                                                            3
36855                                                                                            3
36856                                                                                            3
36858                                                                                            3
36859                                                                                            3
36860                                                                                          2,3
36861                                                                                            3
36862                                                                                            3
36863                                                                                            3
36865                                                                                            3
36866                                                                                            3
36867                                                                                            3
36869                                                                                            3
36870                                                                                            3
36871                                                                                            3
36874                                                                                            3
36875                                                                                            3
36877                                                                                            3
36879                                                                                            3
36901                                                                                            7
36904                                                                                            7
36907                                                                                            7
36908                                                                                            7
36910                                                                                            7
36912                                                                                            7
36913                                                                                            7
36915                                                                                            7
36916                                                                                            7
36919                                                                                          1,7
36921                                                                                            7
36922                                                                                            7
36925                                                                                            7
38852                                                                                            4
