ARKANSAS CONGRESSIONAL DISTRICTS BY ZIP CODE TABULATION AREA (ZCTA)

ZCTA                                                                        Congressional District

38769                                                                                            1
65729                                                                                            3
65733                                                                                            3
65761                                                                                            3
71601                                                                                            4
71602                                                                                            4
71603                                                                                          1,4
71630                                                                                            1
71631                                                                                            4
71635                                                                                            4
71638                                                                                          1,4
71639                                                                                            1
71640                                                                                            1
71642                                                                                            4
71643                                                                                            1
71644                                                                                          1,4
71646                                                                                            4
71647                                                                                            4
71651                                                                                            4
71652                                                                                            4
71653                                                                                            1
71654                                                                                            1
71655                                                                                          1,4
71658                                                                                            4
71659                                                                                            4
71660                                                                                            4
71661                                                                                          1,4
71662                                                                                            1
71663                                                                                          1,4
71665                                                                                            4
71666                                                                                            1
71667                                                                                          1,4
71670                                                                                          1,4
71671                                                                                            4
71674                                                                                            1
71675                                                                                            4
71676                                                                                          1,4
71677                                                                                            4
71701                                                                                            4
71711                                                                                            4
71720                                                                                            4
71722                                                                                            4
71724                                                                                            4
71725                                                                                            4
71726                                                                                            4
71730                                                                                            4
71740                                                                                            4
71742                                                                                            4
71743                                                                                            4
71744                                                                                            4
71745                                                                                            4
71747                                                                                            4
71749                                                                                            4
71751                                                                                            4
71752                                                                                            4
71753                                                                                            4
71758                                                                                            4
71759                                                                                            4
71762                                                                                            4
71763                                                                                            4
71764                                                                                            4
71765                                                                                            4
71766                                                                                            4
71770                                                                                            4
71772                                                                                            4
71801                                                                                            4
71820                                                                                            4
71822                                                                                            4
71823                                                                                            4
71825                                                                                            4
71826                                                                                            4
71827                                                                                            4
71832                                                                                            4
71833                                                                                            4
71834                                                                                            4
71835                                                                                            4
71836                                                                                            4
71837                                                                                            4
71838                                                                                            4
71839                                                                                            4
71841                                                                                            4
71842                                                                                            4
71845                                                                                            4
71846                                                                                            4
71847                                                                                            4
71851                                                                                            4
71852                                                                                            4
71853                                                                                            4
71854                                                                                            4
71855                                                                                            4
71857                                                                                            4
71858                                                                                            4
71859                                                                                            4
71860                                                                                            4
71861                                                                                            4
71862                                                                                            4
71865                                                                                            4
71866                                                                                            4
71901                                                                                            4
71909                                                                                          2,4
71913                                                                                            4
71921                                                                                            4
71922                                                                                            4
71923                                                                                            4
71929                                                                                            4
71933                                                                                            4
71935                                                                                            4
71937                                                                                            4
71940                                                                                            4
71941                                                                                            4
71943                                                                                            4
71944                                                                                            4
71945                                                                                            4
71949                                                                                            4
71950                                                                                            4
71952                                                                                            4
71953                                                                                            4
71956                                                                                            4
71957                                                                                            4
71958                                                                                            4
71959                                                                                            4
71960                                                                                            4
71961                                                                                            4
71962                                                                                            4
71964                                                                                            4
71965                                                                                            4
71968                                                                                            4
71969                                                                                            4
71970                                                                                            4
71971                                                                                            4
71972                                                                                            4
71973                                                                                            4
71998                                                                                            4
71999                                                                                            4
72001                                                                                            2
72002                                                                                            2
72003                                                                                            1
72004                                                                                          1,4
72005                                                                                            1
72006                                                                                            1
72007                                                                                            1
72010                                                                                            2
72011                                                                                            2
72012                                                                                            2
72013                                                                                            2
72014                                                                                            1
72015                                                                                          2,4
72016                                                                                            2
72017                                                                                            1
72019                                                                                            2
72020                                                                                          1,2
72021                                                                                            1
72022                                                                                            2
72023                                                                                          1,2
72024                                                                                            1
72025                                                                                          2,4
72026                                                                                            1
72027                                                                                            2
72029                                                                                            1
72030                                                                                            2
72031                                                                                          1,2
72032                                                                                            2
72034                                                                                            2
72035                                                                                            2
72036                                                                                            1
72037                                                                                            1
72038                                                                                            1
72039                                                                                            2
72040                                                                                            1
72041                                                                                            1
72042                                                                                            1
72044                                                                                            1
72045                                                                                            2
72046                                                                                        1,2,4
72047                                                                                            2
72048                                                                                            1
72051                                                                                            1
72055                                                                                            1
72057                                                                                            4
72058                                                                                            2
72059                                                                                            1
72060                                                                                          1,2
72061                                                                                            2
72063                                                                                          2,3
72064                                                                                            1
72065                                                                                          2,4
72067                                                                                          1,2
72068                                                                                            2
72069                                                                                            1
72070                                                                                            2
72072                                                                                            1
72073                                                                                            1
72074                                                                                            1
72076                                                                                          1,2
72079                                                                                            4
72080                                                                                          2,3
72081                                                                                            2
72082                                                                                            2
72083                                                                                            1
72084                                                                                            4
72085                                                                                            2
72086                                                                                            1
72087                                                                                          2,4
72088                                                                                          1,2
72099                                                                                            2
72101                                                                                            1
72102                                                                                            2
72103                                                                                            2
72104                                                                                          2,4
72106                                                                                            2
72107                                                                                            2
72108                                                                                            1
72110                                                                                            2
72111                                                                                            2
72112                                                                                            1
72113                                                                                            2
72114                                                                                            2
72116                                                                                            2
72117                                                                                            2
72118                                                                                            2
72119                                                                                            2
72120                                                                                            2
72121                                                                                          1,2
72122                                                                                            2
72123                                                                                            1
72125                                                                                            2
72126                                                                                            2
72127                                                                                            2
72128                                                                                            4
72129                                                                                            4
72130                                                                                            1
72131                                                                                          1,2
72132                                                                                            4
72134                                                                                            1
72135                                                                                            2
72136                                                                                            2
72137                                                                                          1,2
72139                                                                                            2
72140                                                                                            1
72141                                                                                            2
72142                                                                                          1,2
72143                                                                                          1,2
72149                                                                                            2
72150                                                                                            4
72152                                                                                          1,4
72153                                                                                          1,2
72156                                                                                            2
72157                                                                                            2
72160                                                                                            1
72165                                                                                            1
72166                                                                                            1
72167                                                                                          2,4
72168                                                                                          1,4
72169                                                                                            1
72170                                                                                            1
72173                                                                                            2
72175                                                                                          1,4
72176                                                                                            1
72179                                                                                            1
72181                                                                                            2
72201                                                                                            2
72202                                                                                            2
72204                                                                                            2
72205                                                                                            2
72206                                                                                            2
72207                                                                                            2
72209                                                                                            2
72210                                                                                            2
72211                                                                                            2
72212                                                                                            2
72223                                                                                            2
72227                                                                                            2
72301                                                                                            1
72311                                                                                            1
72315                                                                                            1
72320                                                                                            1
72321                                                                                            1
72322                                                                                            1
72324                                                                                            1
72325                                                                                            1
72326                                                                                            1
72327                                                                                            1
72328                                                                                            1
72329                                                                                            1
72330                                                                                            1
72331                                                                                            1
72332                                                                                            1
72333                                                                                            1
72335                                                                                            1
72338                                                                                            1
72339                                                                                            1
72340                                                                                            1
72341                                                                                            1
72342                                                                                            1
72346                                                                                            1
72347                                                                                            1
72348                                                                                            1
72350                                                                                            1
72351                                                                                            1
72353                                                                                            1
72354                                                                                            1
72355                                                                                            1
72358                                                                                            1
72359                                                                                            1
72360                                                                                            1
72364                                                                                            1
72365                                                                                            1
72366                                                                                            1
72367                                                                                            1
72368                                                                                            1
72370                                                                                            1
72372                                                                                            1
72373                                                                                            1
72374                                                                                            1
72376                                                                                            1
72377                                                                                            1
72379                                                                                            1
72383                                                                                            1
72384                                                                                            1
72386                                                                                            1
72389                                                                                            1
72390                                                                                            1
72392                                                                                            1
72394                                                                                            1
72395                                                                                            1
72396                                                                                            1
72401                                                                                            1
72404                                                                                            1
72410                                                                                            1
72411                                                                                            1
72412                                                                                            1
72413                                                                                            1
72414                                                                                            1
72415                                                                                            1
72416                                                                                            1
72417                                                                                            1
72419                                                                                            1
72421                                                                                            1
72422                                                                                            1
72424                                                                                            1
72425                                                                                            1
72426                                                                                            1
72427                                                                                            1
72428                                                                                            1
72429                                                                                            1
72430                                                                                            1
72431                                                                                            1
72432                                                                                            1
72433                                                                                            1
72434                                                                                            1
72435                                                                                            1
72436                                                                                            1
72437                                                                                            1
72438                                                                                            1
72440                                                                                            1
72441                                                                                            1
72442                                                                                            1
72443                                                                                            1
72444                                                                                            1
72445                                                                                            1
72447                                                                                            1
72449                                                                                            1
72450                                                                                            1
72453                                                                                            1
72454                                                                                            1
72455                                                                                            1
72456                                                                                            1
72457                                                                                            1
72458                                                                                            1
72459                                                                                            1
72460                                                                                            1
72461                                                                                            1
72462                                                                                            1
72464                                                                                            1
72466                                                                                            1
72467                                                                                            1
72469                                                                                            1
72470                                                                                            1
72471                                                                                            1
72472                                                                                            1
72473                                                                                            1
72476                                                                                            1
72478                                                                                            1
72479                                                                                            1
72482                                                                                            1
72501                                                                                            1
72512                                                                                            1
72513                                                                                            1
72515                                                                                            1
72517                                                                                            1
72519                                                                                            1
72520                                                                                            1
72521                                                                                            1
72522                                                                                            1
72523                                                                                            1
72524                                                                                            1
72526                                                                                            1
72527                                                                                            1
72528                                                                                            1
72529                                                                                            1
72530                                                                                            1
72531                                                                                            1
72532                                                                                            1
72533                                                                                            1
72534                                                                                            1
72536                                                                                            1
72537                                                                                            1
72538                                                                                            1
72539                                                                                            1
72540                                                                                            1
72542                                                                                            1
72543                                                                                            1
72544                                                                                            1
72546                                                                                            1
72550                                                                                            1
72553                                                                                            1
72554                                                                                            1
72555                                                                                            1
72556                                                                                            1
72560                                                                                            1
72561                                                                                            1
72562                                                                                            1
72564                                                                                            1
72565                                                                                            1
72566                                                                                            1
72567                                                                                            1
72568                                                                                            1
72569                                                                                            1
72571                                                                                            1
72572                                                                                            1
72573                                                                                            1
72576                                                                                            1
72577                                                                                            1
72578                                                                                            1
72579                                                                                            1
72581                                                                                            1
72583                                                                                            1
72584                                                                                            1
72585                                                                                            1
72587                                                                                            1
72601                                                                                          3,4
72611                                                                                            3
72616                                                                                            3
72617                                                                                            1
72619                                                                                            3
72623                                                                                            1
72624                                                                                          3,4
72626                                                                                            1
72628                                                                                            4
72629                                                                                            2
72630                                                                                            3
72631                                                                                            3
72632                                                                                          3,4
72633                                                                                            3
72634                                                                                            3
72635                                                                                            1
72636                                                                                            1
72638                                                                                          3,4
72639                                                                                            1
72640                                                                                            3
72641                                                                                          3,4
72642                                                                                            1
72644                                                                                            3
72645                                                                                          1,2
72648                                                                                          3,4
72650                                                                                            1
72651                                                                                            1
72653                                                                                          1,3
72655                                                                                          3,4
72658                                                                                            1
72660                                                                                            3
72661                                                                                            3
72662                                                                                            3
72663                                                                                            1
72666                                                                                            4
72668                                                                                            3
72669                                                                                            3
72670                                                                                            4
72672                                                                                            3
72675                                                                                          1,3
72677                                                                                            3
72679                                                                                          1,3
72680                                                                                            1
72682                                                                                            3
72683                                                                                            3
72685                                                                                          1,3
72686                                                                                            1
72687                                                                                            3
72701                                                                                            3
72703                                                                                          3,4
72704                                                                                            3
72712                                                                                            3
72714                                                                                            3
72715                                                                                            3
72717                                                                                            3
72718                                                                                            3
72719                                                                                            3
72721                                                                                            4
72722                                                                                            3
72727                                                                                          3,4
72729                                                                                            3
72730                                                                                            3
72732                                                                                            3
72734                                                                                            3
72736                                                                                            3
72738                                                                                          3,4
72739                                                                                            3
72740                                                                                          3,4
72742                                                                                            4
72744                                                                                            3
72745                                                                                            3
72747                                                                                            3
72749                                                                                            3
72751                                                                                            3
72752                                                                                            4
72753                                                                                            3
72756                                                                                          3,4
72758                                                                                            3
72760                                                                                            4
72761                                                                                            3
72762                                                                                            3
72764                                                                                            3
72768                                                                                            3
72769                                                                                            3
72773                                                                                          3,4
72774                                                                                            3
72776                                                                                            4
72801                                                                                            3
72802                                                                                            3
72821                                                                                            4
72823                                                                                          2,3
72824                                                                                            4
72826                                                                                            4
72827                                                                                            4
72828                                                                                            4
72830                                                                                            4
72832                                                                                            4
72833                                                                                            4
72834                                                                                            4
72835                                                                                            4
72837                                                                                            3
72838                                                                                            4
72839                                                                                          3,4
72840                                                                                            4
72841                                                                                            4
72842                                                                                            4
72843                                                                                            3
72845                                                                                            4
72846                                                                                          3,4
72847                                                                                          3,4
72851                                                                                            4
72852                                                                                            4
72853                                                                                          2,4
72854                                                                                            4
72855                                                                                            4
72856                                                                                          3,4
72857                                                                                          2,4
72858                                                                                            3
72860                                                                                            4
72863                                                                                            4
72865                                                                                            4
72901                                                                                            3
72903                                                                                            3
72904                                                                                            3
72908                                                                                            3
72916                                                                                            3
72921                                                                                          3,4
72923                                                                                            3
72926                                                                                            4
72927                                                                                          3,4
72928                                                                                            4
72930                                                                                            4
72932                                                                                            3
72933                                                                                          3,4
72934                                                                                          3,4
72935                                                                                            4
72936                                                                                          3,4
72937                                                                                          3,4
72938                                                                                            4
72940                                                                                          3,4
72941                                                                                          3,4
72943                                                                                            4
72944                                                                                            4
72945                                                                                          3,4
72946                                                                                          3,4
72947                                                                                            4
72948                                                                                            3
72949                                                                                            4
72950                                                                                            4
72951                                                                                            4
72952                                                                                            3
72955                                                                                            3
72956                                                                                          3,4
72958                                                                                            4
72959                                                                                          3,4
75556                                                                                            4
