COLORADO CONGRESSIONAL DISTRICTS BY ZIP CODE TABULATION AREA (ZCTA)

ZCTA                                                                        Congressional District

80002                                                                                            7
80003                                                                                            7
80004                                                                                            7
80005                                                                                            7
80007                                                                                          2,7
80010                                                                                            6
80011                                                                                            6
80012                                                                                          1,6
80013                                                                                          4,6
80014                                                                                          1,6
80015                                                                                          4,6
80016                                                                                          4,6
80017                                                                                            6
80018                                                                                          4,6
80019                                                                                            6
80020                                                                                          2,7
80021                                                                                          2,7
80022                                                                                          6,7
80023                                                                                        2,6,7
80024                                                                                            7
80025                                                                                            2
80026                                                                                            2
80027                                                                                            2
80030                                                                                            7
80031                                                                                            7
80033                                                                                            7
80045                                                                                            6
80101                                                                                            4
80102                                                                                          4,6
80103                                                                                            4
80104                                                                                            4
80105                                                                                            4
80106                                                                                          4,5
80107                                                                                            4
80108                                                                                            4
80109                                                                                            4
80110                                                                                          1,6
80111                                                                                          1,6
80112                                                                                          4,6
80113                                                                                          1,6
80116                                                                                            4
80117                                                                                            4
80118                                                                                            4
80120                                                                                          1,6
80121                                                                                          1,6
80122                                                                                            6
80123                                                                                        1,6,7
80124                                                                                          4,6
80125                                                                                          4,6
80126                                                                                          4,6
80127                                                                                        1,2,7
80128                                                                                        1,2,6
80129                                                                                            6
80130                                                                                          4,6
80131                                                                                            4
80132                                                                                            5
80133                                                                                          4,5
80134                                                                                            4
80135                                                                                          2,4
80136                                                                                            4
80137                                                                                          4,6
80138                                                                                          4,6
80202                                                                                            1
80203                                                                                            1
80204                                                                                            1
80205                                                                                            1
80206                                                                                            1
80207                                                                                            1
80209                                                                                            1
80210                                                                                            1
80211                                                                                            1
80212                                                                                          1,7
80214                                                                                          1,7
80215                                                                                            7
80216                                                                                          1,7
80218                                                                                            1
80219                                                                                            1
80220                                                                                          1,6
80221                                                                                          1,7
80222                                                                                            1
80223                                                                                            1
80224                                                                                          1,6
80226                                                                                          1,7
80227                                                                                          1,7
80228                                                                                          2,7
80229                                                                                            7
80230                                                                                            1
80231                                                                                          1,6
80232                                                                                          1,7
80233                                                                                            7
80234                                                                                          2,7
80235                                                                                          1,7
80236                                                                                            1
80237                                                                                            1
80238                                                                                            1
80239                                                                                          1,7
80241                                                                                          6,7
80246                                                                                            1
80247                                                                                          1,6
80249                                                                                            1
80260                                                                                            7
80264                                                                                            1
80290                                                                                            1
80293                                                                                            1
80294                                                                                            1
80301                                                                                            2
80302                                                                                            2
80303                                                                                            2
80304                                                                                            2
80305                                                                                            2
80310                                                                                            2
80401                                                                                          2,7
80403                                                                                          2,7
80419                                                                                            7
80420                                                                                            5
80421                                                                                          2,5
80422                                                                                            2
80423                                                                                          2,3
80424                                                                                            2
80425                                                                                            2
80426                                                                                            3
80427                                                                                            2
80428                                                                                            3
80432                                                                                            5
80433                                                                                            2
80434                                                                                            3
80435                                                                                            2
80436                                                                                            2
80438                                                                                            2
80439                                                                                            2
80440                                                                                            5
80442                                                                                            2
80443                                                                                            2
80444                                                                                            2
80446                                                                                            2
80447                                                                                            2
80448                                                                                          2,5
80449                                                                                            5
80451                                                                                            2
80452                                                                                            2
80453                                                                                            2
80454                                                                                            2
80455                                                                                            2
80456                                                                                            5
80457                                                                                            2
80459                                                                                            2
80461                                                                                            3
80463                                                                                            3
80465                                                                                          2,7
80466                                                                                            2
80467                                                                                            3
80468                                                                                            2
80469                                                                                            3
80470                                                                                            2
80471                                                                                            2
80473                                                                                            3
80475                                                                                            2
80476                                                                                            2
80477                                                                                            3
80478                                                                                            2
80479                                                                                            3
80480                                                                                            3
80481                                                                                            2
80482                                                                                            2
80483                                                                                            3
80487                                                                                            3
80488                                                                                            3
80497                                                                                            2
80498                                                                                            2
80501                                                                                            4
80503                                                                                          2,4
80504                                                                                          2,4
80510                                                                                            2
80511                                                                                            2
80512                                                                                            2
80513                                                                                          2,4
80514                                                                                            4
80515                                                                                            2
80516                                                                                          2,4
80517                                                                                            2
80520                                                                                            4
80521                                                                                            2
80524                                                                                          2,4
80525                                                                                            2
80526                                                                                            2
80528                                                                                            2
80530                                                                                            4
80532                                                                                            2
80534                                                                                          2,4
80535                                                                                            2
80536                                                                                            2
80537                                                                                          2,4
80538                                                                                            2
80540                                                                                            2
80542                                                                                            4
80543                                                                                            4
80544                                                                                            2
80545                                                                                            2
80546                                                                                            4
80547                                                                                            2
80549                                                                                          2,4
80550                                                                                          2,4
80601                                                                                          6,7
80602                                                                                          6,7
80603                                                                                        4,6,7
80610                                                                                            4
80611                                                                                            4
80612                                                                                          2,4
80615                                                                                            4
80620                                                                                            4
80621                                                                                            4
80622                                                                                            4
80623                                                                                            4
80624                                                                                            4
80631                                                                                            4
80634                                                                                            4
80640                                                                                          6,7
80642                                                                                          4,6
80643                                                                                          4,6
80644                                                                                            4
80645                                                                                            4
80648                                                                                            4
80649                                                                                            4
80650                                                                                            4
80651                                                                                            4
80652                                                                                            4
80653                                                                                            4
80654                                                                                            4
80701                                                                                            4
80705                                                                                            4
80720                                                                                            4
80721                                                                                            4
80722                                                                                            4
80723                                                                                            4
80726                                                                                            4
80727                                                                                            4
80728                                                                                            4
80729                                                                                            4
80731                                                                                            4
80733                                                                                            4
80734                                                                                            4
80735                                                                                            4
80736                                                                                            4
80737                                                                                            4
80740                                                                                            4
80741                                                                                            4
80742                                                                                            4
80743                                                                                            4
80744                                                                                            4
80745                                                                                            4
80746                                                                                            4
80747                                                                                            4
80749                                                                                            4
80750                                                                                            4
80751                                                                                            4
80754                                                                                            4
80755                                                                                            4
80757                                                                                            4
80758                                                                                            4
80759                                                                                            4
80801                                                                                            4
80802                                                                                            4
80804                                                                                            4
80805                                                                                            4
80807                                                                                            4
80808                                                                                          4,5
80809                                                                                            5
80810                                                                                            4
80812                                                                                            4
80813                                                                                            5
80814                                                                                            5
80815                                                                                            4
80816                                                                                            5
80817                                                                                            5
80818                                                                                            4
80819                                                                                            5
80820                                                                                            5
80821                                                                                            4
80822                                                                                            4
80823                                                                                            4
80824                                                                                            4
80825                                                                                            4
80827                                                                                            5
80828                                                                                            4
80829                                                                                            5
80830                                                                                            4
80831                                                                                          4,5
80832                                                                                          4,5
80833                                                                                          4,5
80834                                                                                            4
80835                                                                                            4
80836                                                                                            4
80840                                                                                            5
80860                                                                                            5
80861                                                                                            4
80862                                                                                            4
80863                                                                                            5
80864                                                                                            5
80902                                                                                            5
80903                                                                                            5
80904                                                                                            5
80905                                                                                            5
80906                                                                                            5
80907                                                                                            5
80908                                                                                            5
80909                                                                                            5
80910                                                                                            5
80911                                                                                            5
80913                                                                                            5
80914                                                                                            5
80915                                                                                            5
80916                                                                                            5
80917                                                                                            5
80918                                                                                            5
80919                                                                                            5
80920                                                                                            5
80921                                                                                            5
80922                                                                                            5
80923                                                                                            5
80924                                                                                            5
80925                                                                                            5
80926                                                                                            5
80927                                                                                            5
80928                                                                                            5
80929                                                                                            5
80930                                                                                            5
80938                                                                                            5
80939                                                                                            5
80951                                                                                            5
81001                                                                                            3
81003                                                                                            3
81004                                                                                            3
81005                                                                                            3
81006                                                                                            3
81007                                                                                            3
81008                                                                                          3,5
81019                                                                                            3
81020                                                                                            4
81021                                                                                            4
81022                                                                                            3
81023                                                                                            3
81024                                                                                            4
81025                                                                                            3
81027                                                                                            4
81029                                                                                            4
81030                                                                                            4
81033                                                                                            4
81036                                                                                            4
81038                                                                                            4
81039                                                                                          3,4
81040                                                                                            3
81041                                                                                            4
81043                                                                                            4
81044                                                                                            4
81045                                                                                            4
81047                                                                                            4
81049                                                                                            4
81050                                                                                            4
81052                                                                                            4
81054                                                                                            4
81055                                                                                            3
81057                                                                                            4
81058                                                                                            4
81059                                                                                            4
81062                                                                                            4
81063                                                                                            4
81064                                                                                            4
81067                                                                                            4
81069                                                                                            3
81071                                                                                            4
81073                                                                                            4
81076                                                                                            4
81077                                                                                            4
81081                                                                                            4
81082                                                                                            4
81084                                                                                            4
81087                                                                                            4
81089                                                                                            3
81090                                                                                            4
81091                                                                                            4
81092                                                                                            4
81101                                                                                            3
81120                                                                                            3
81121                                                                                            3
81122                                                                                            3
81123                                                                                            3
81124                                                                                            3
81125                                                                                            3
81126                                                                                            3
81128                                                                                            3
81129                                                                                            3
81130                                                                                            3
81131                                                                                            3
81132                                                                                            3
81133                                                                                            3
81136                                                                                            3
81137                                                                                            3
81138                                                                                            3
81140                                                                                            3
81141                                                                                            3
81143                                                                                            3
81144                                                                                            3
81146                                                                                            3
81147                                                                                            3
81148                                                                                            3
81149                                                                                            3
81151                                                                                            3
81152                                                                                            3
81154                                                                                            3
81155                                                                                            3
81201                                                                                            5
81210                                                                                            3
81211                                                                                            5
81212                                                                                            5
81220                                                                                            3
81221                                                                                            5
81222                                                                                            5
81223                                                                                            5
81224                                                                                            3
81225                                                                                            3
81226                                                                                            5
81227                                                                                            5
81230                                                                                            3
81231                                                                                            3
81232                                                                                            5
81233                                                                                            5
81235                                                                                            3
81236                                                                                            5
81237                                                                                            3
81239                                                                                            3
81240                                                                                            5
81241                                                                                            3
81242                                                                                            5
81243                                                                                            3
81244                                                                                            5
81248                                                                                            3
81251                                                                                            3
81252                                                                                            3
81253                                                                                          3,5
81301                                                                                            3
81303                                                                                            3
81320                                                                                            3
81321                                                                                            3
81323                                                                                            3
81324                                                                                            3
81325                                                                                            3
81326                                                                                            3
81327                                                                                            3
81328                                                                                            3
81330                                                                                            3
81331                                                                                            3
81332                                                                                            3
81334                                                                                            3
81335                                                                                            3
81401                                                                                            3
81403                                                                                            3
81410                                                                                            3
81411                                                                                            3
81413                                                                                            3
81415                                                                                            3
81416                                                                                            3
81418                                                                                            3
81419                                                                                            3
81422                                                                                            3
81423                                                                                            3
81424                                                                                            3
81425                                                                                            3
81426                                                                                            3
81427                                                                                            3
81428                                                                                            3
81429                                                                                            3
81430                                                                                            3
81431                                                                                            3
81432                                                                                            3
81433                                                                                            3
81434                                                                                            3
81435                                                                                            3
81501                                                                                            3
81503                                                                                            3
81504                                                                                            3
81505                                                                                            3
81506                                                                                            3
81507                                                                                            3
81520                                                                                            3
81521                                                                                            3
81522                                                                                            3
81523                                                                                            3
81524                                                                                            3
81525                                                                                            3
81526                                                                                            3
81527                                                                                            3
81601                                                                                            3
81610                                                                                            3
81611                                                                                            3
81612                                                                                            3
81615                                                                                            3
81620                                                                                          2,3
81621                                                                                            3
81623                                                                                            3
81624                                                                                            3
81625                                                                                            3
81630                                                                                            3
81631                                                                                            3
81632                                                                                          2,3
81633                                                                                            3
81635                                                                                            3
81637                                                                                            3
81638                                                                                            3
81639                                                                                            3
81640                                                                                            3
81641                                                                                            3
81642                                                                                            3
81643                                                                                            3
81645                                                                                          2,3
81646                                                                                            3
81647                                                                                            3
81648                                                                                            3
81649                                                                                            2
81650                                                                                            3
81652                                                                                            3
81653                                                                                            3
81654                                                                                            3
81655                                                                                          2,3
81656                                                                                            3
81657                                                                                            2
82063                                                                                            2
