FLORIDA CONGRESSIONAL DISTRICTS BY ZIP CODE TABULATION AREA (ZCTA)

ZCTA                                                                        Congressional District

32003                                                                                          3,5
32008                                                                                            3
32009                                                                                            4
32011                                                                                            4
32024                                                                                            3
32025                                                                                            3
32026                                                                                            3
32033                                                                                            6
32034                                                                                            4
32038                                                                                            3
32040                                                                                            4
32043                                                                                          3,5
32044                                                                                            3
32046                                                                                            4
32052                                                                                            3
32053                                                                                            3
32054                                                                                            3
32055                                                                                            3
32058                                                                                            3
32059                                                                                            3
32060                                                                                            3
32061                                                                                            3
32062                                                                                            3
32063                                                                                            4
32064                                                                                            3
32065                                                                                            3
32066                                                                                            3
32068                                                                                            3
32071                                                                                            3
32072                                                                                            4
32073                                                                                          3,5
32079                                                                                            3
32080                                                                                            6
32081                                                                                            6
32082                                                                                            6
32083                                                                                            3
32084                                                                                            6
32086                                                                                            6
32087                                                                                            4
32091                                                                                            3
32092                                                                                            6
32094                                                                                            3
32095                                                                                            6
32096                                                                                            3
32097                                                                                            4
32102                                                                                          5,6
32110                                                                                            6
32112                                                                                            6
32113                                                                                         5,11
32114                                                                                            6
32117                                                                                            6
32118                                                                                            6
32119                                                                                            6
32124                                                                                            6
32127                                                                                            6
32128                                                                                            6
32129                                                                                            6
32130                                                                                            6
32131                                                                                            6
32132                                                                                            6
32133                                                                                           11
32134                                                                                       5,6,11
32136                                                                                            6
32137                                                                                            6
32139                                                                                            6
32140                                                                                          5,6
32141                                                                                            6
32145                                                                                            6
32147                                                                                            6
32148                                                                                          5,6
32157                                                                                            6
32159                                                                                        10,11
32162                                                                                           11
32164                                                                                            6
32168                                                                                          6,7
32169                                                                                            6
32174                                                                                            6
32176                                                                                            6
32177                                                                                          5,6
32179                                                                                           11
32180                                                                                            6
32181                                                                                            6
32187                                                                                            6
32189                                                                                            6
32190                                                                                            6
32193                                                                                            6
32195                                                                                           11
32202                                                                                          4,5
32204                                                                                          4,5
32205                                                                                          4,5
32206                                                                                            5
32207                                                                                          4,5
32208                                                                                            5
32209                                                                                            5
32210                                                                                          4,5
32211                                                                                          4,5
32212                                                                                          4,5
32216                                                                                          4,5
32217                                                                                            4
32218                                                                                          4,5
32219                                                                                          4,5
32220                                                                                          4,5
32221                                                                                          4,5
32222                                                                                          4,5
32223                                                                                            4
32224                                                                                          4,6
32225                                                                                            4
32226                                                                                            4
32227                                                                                            4
32228                                                                                            4
32233                                                                                            4
32234                                                                                          3,4
32244                                                                                          4,5
32246                                                                                            4
32250                                                                                            4
32254                                                                                          4,5
32256                                                                                            4
32257                                                                                            4
32258                                                                                            4
32259                                                                                            6
32266                                                                                            4
32277                                                                                          4,5
32301                                                                                            2
32303                                                                                            2
32304                                                                                            2
32305                                                                                            2
32308                                                                                            2
32309                                                                                            2
32310                                                                                            2
32311                                                                                            2
32312                                                                                            2
32317                                                                                            2
32320                                                                                            2
32321                                                                                            2
32322                                                                                            2
32323                                                                                            2
32324                                                                                            2
32327                                                                                            2
32328                                                                                            2
32330                                                                                            2
32331                                                                                          2,3
32332                                                                                            2
32333                                                                                            2
32334                                                                                            2
32336                                                                                            2
32340                                                                                          2,3
32343                                                                                            2
32344                                                                                            2
32346                                                                                            2
32347                                                                                            2
32348                                                                                            2
32350                                                                                            3
32351                                                                                            2
32352                                                                                            2
32355                                                                                            2
32356                                                                                            2
32358                                                                                            2
32359                                                                                          2,3
32361                                                                                            2
32399                                                                                            2
32401                                                                                            2
32403                                                                                            2
32404                                                                                            2
32405                                                                                            2
32407                                                                                            2
32408                                                                                            2
32409                                                                                            2
32410                                                                                            2
32413                                                                                          1,2
32420                                                                                            2
32421                                                                                            2
32423                                                                                            2
32424                                                                                            2
32425                                                                                          1,2
32426                                                                                            2
32427                                                                                            2
32428                                                                                            2
32430                                                                                            2
32431                                                                                            2
32432                                                                                            2
32433                                                                                            1
32435                                                                                            1
32437                                                                                            2
32438                                                                                            2
32439                                                                                            1
32440                                                                                          1,2
32442                                                                                            2
32443                                                                                            2
32444                                                                                            2
32445                                                                                            2
32446                                                                                            2
32447                                                                                            2
32448                                                                                            2
32449                                                                                            2
32455                                                                                            1
32456                                                                                            2
32459                                                                                            1
32460                                                                                            2
32461                                                                                            1
32462                                                                                          1,2
32463                                                                                            2
32464                                                                                            1
32465                                                                                            2
32466                                                                                            2
32501                                                                                            1
32502                                                                                            1
32503                                                                                            1
32504                                                                                            1
32505                                                                                            1
32506                                                                                            1
32507                                                                                            1
32508                                                                                            1
32509                                                                                            1
32511                                                                                            1
32514                                                                                            1
32526                                                                                            1
32530                                                                                            1
32531                                                                                            1
32533                                                                                            1
32534                                                                                            1
32535                                                                                            1
32536                                                                                            1
32539                                                                                            1
32541                                                                                            1
32542                                                                                            1
32544                                                                                            1
32547                                                                                            1
32548                                                                                            1
32550                                                                                            1
32561                                                                                            1
32563                                                                                            1
32564                                                                                            1
32565                                                                                            1
32566                                                                                            1
32567                                                                                            1
32568                                                                                            1
32569                                                                                            1
32570                                                                                            1
32571                                                                                            1
32577                                                                                            1
32578                                                                                            1
32579                                                                                            1
32580                                                                                            1
32583                                                                                            1
32601                                                                                          3,5
32603                                                                                            3
32605                                                                                            3
32606                                                                                            3
32607                                                                                            3
32608                                                                                            3
32609                                                                                          3,5
32612                                                                                            3
32615                                                                                            3
32616                                                                                            3
32617                                                                                           11
32618                                                                                            3
32619                                                                                            3
32621                                                                                            3
32622                                                                                            3
32625                                                                                            3
32626                                                                                            3
32628                                                                                            3
32631                                                                                          3,5
32639                                                                                            3
32640                                                                                        3,5,6
32641                                                                                          3,5
32643                                                                                            3
32648                                                                                            3
32653                                                                                            3
32656                                                                                            3
32658                                                                                            3
32664                                                                                          3,5
32666                                                                                          3,5
32667                                                                                          3,5
32668                                                                                            3
32669                                                                                            3
32680                                                                                            3
32681                                                                                            5
32683                                                                                            3
32686                                                                                       3,5,11
32692                                                                                            3
32693                                                                                            3
32694                                                                                            3
32696                                                                                            3
32697                                                                                            3
32701                                                                                            7
32702                                                                                      5,10,11
32703                                                                                       5,7,10
32707                                                                                            7
32708                                                                                            7
32709                                                                                            8
32712                                                                                          5,7
32713                                                                                            7
32714                                                                                            7
32720                                                                                          5-7
32724                                                                                          6,7
32725                                                                                            7
32726                                                                                           10
32730                                                                                            7
32732                                                                                            7
32735                                                                                           10
32736                                                                                         5,10
32738                                                                                          6,7
32744                                                                                          6,7
32746                                                                                          5,7
32750                                                                                            7
32751                                                                                          5,7
32754                                                                                          7,8
32757                                                                                         5,10
32759                                                                                            6
32763                                                                                          6,7
32764                                                                                          6,7
32765                                                                                            7
32766                                                                                            7
32767                                                                                            5
32771                                                                                          5,7
32773                                                                                          5,7
32776                                                                                         5,10
32778                                                                                           10
32779                                                                                            7
32780                                                                                            8
32784                                                                                      5,10,11
32789                                                                                            7
32792                                                                                          7,9
32796                                                                                            8
32798                                                                                            5
32801                                                                                         5,10
32803                                                                                       7,9,10
32804                                                                                       5,7,10
32805                                                                                         5,10
32806                                                                                       5,9,10
32807                                                                                       7,9,10
32808                                                                                            5
32809                                                                                       5,9,10
32810                                                                                          5,7
32811                                                                                         5,10
32812                                                                                         9,10
32814                                                                                          7,9
32817                                                                                          7,9
32818                                                                                         5,10
32819                                                                                         5,10
32820                                                                                          7,8
32821                                                                                         9,10
32822                                                                                         9,10
32824                                                                                            9
32825                                                                                            9
32826                                                                                          7,9
32827                                                                                            9
32828                                                                                          8,9
32829                                                                                            9
32830                                                                                           10
32831                                                                                          8,9
32832                                                                                            9
32833                                                                                          7,8
32835                                                                                         5,10
32836                                                                                           10
32837                                                                                         9,10
32839                                                                                         5,10
32901                                                                                            8
32903                                                                                            8
32904                                                                                            8
32905                                                                                            8
32907                                                                                            8
32908                                                                                            8
32909                                                                                            8
32920                                                                                            8
32922                                                                                            8
32925                                                                                            8
32926                                                                                            8
32927                                                                                            8
32931                                                                                            8
32934                                                                                            8
32935                                                                                            8
32937                                                                                            8
32940                                                                                            8
32948                                                                                            8
32949                                                                                            8
32950                                                                                            8
32951                                                                                            8
32952                                                                                            8
32953                                                                                            8
32955                                                                                            8
32958                                                                                            8
32960                                                                                            8
32962                                                                                            8
32963                                                                                            8
32966                                                                                            8
32967                                                                                            8
32968                                                                                            8
32970                                                                                            8
32976                                                                                            8
33001                                                                                           26
33004                                                                                           23
33009                                                                                        23,24
33010                                                                                        25,27
33012                                                                                        25,27
33013                                                                                     24,25,27
33014                                                                                        24,25
33015                                                                                           25
33016                                                                                           25
33018                                                                                           25
33019                                                                                           23
33020                                                                                           23
33021                                                                                        23,24
33023                                                                                        23,24
33024                                                                                        23,24
33025                                                                                        23,24
33026                                                                                           23
33027                                                                                        23-25
33028                                                                                           23
33029                                                                                        23,25
33030                                                                                        26,27
33031                                                                                           26
33032                                                                                        26,27
33033                                                                                        26,27
33034                                                                                           26
33035                                                                                        26,27
33036                                                                                           26
33037                                                                                           26
33039                                                                                           27
33040                                                                                           26
33042                                                                                           26
33043                                                                                           26
33050                                                                                           26
33051                                                                                           26
33054                                                                                        24,25
33055                                                                                        24,25
33056                                                                                           24
33060                                                                                        20,22
33062                                                                                           22
33063                                                                                        20,21
33064                                                                                        20-22
33065                                                                                           21
33066                                                                                        20,21
33067                                                                                           21
33068                                                                                           20
33069                                                                                        20-22
33070                                                                                           26
33071                                                                                        20,21
33073                                                                                           21
33076                                                                                           21
33101                                                                                           24
33109                                                                                     23,24,27
33122                                                                                        25,27
33125                                                                                        24,27
33126                                                                                        25,27
33127                                                                                           24
33128                                                                                        24,27
33129                                                                                           27
33130                                                                                        24,27
33131                                                                                        24,27
33132                                                                                        23,24
33133                                                                                           27
33134                                                                                           27
33135                                                                                           27
33136                                                                                        24,27
33137                                                                                           24
33138                                                                                           24
33139                                                                                        23,24
33140                                                                                           23
33141                                                                                        23,24
33142                                                                                        24,27
33143                                                                                           27
33144                                                                                           27
33145                                                                                           27
33146                                                                                           27
33147                                                                                     24,25,27
33149                                                                                           27
33150                                                                                           24
33154                                                                                        23,24
33155                                                                                           27
33156                                                                                           27
33157                                                                                        26,27
33158                                                                                           27
33160                                                                                        23,24
33161                                                                                           24
33162                                                                                           24
33165                                                                                        26,27
33166                                                                                        25,27
33167                                                                                           24
33168                                                                                           24
33169                                                                                           24
33170                                                                                        26,27
33172                                                                                           25
33173                                                                                        26,27
33174                                                                                        25-27
33175                                                                                           26
33176                                                                                        26,27
33177                                                                                           26
33178                                                                                           25
33179                                                                                        23,24
33180                                                                                        23,24
33181                                                                                        23,24
33182                                                                                           25
33183                                                                                           26
33184                                                                                        25,26
33185                                                                                           26
33186                                                                                           26
33187                                                                                           26
33189                                                                                        26,27
33190                                                                                           27
33193                                                                                           26
33194                                                                                        25,26
33196                                                                                           26
33301                                                                                        20,22
33304                                                                                        20,22
33305                                                                                        20,22
33306                                                                                           22
33308                                                                                           22
33309                                                                                        20,22
33311                                                                                        20,22
33312                                                                                     20,22,23
33313                                                                                           20
33314                                                                                           23
33315                                                                                        22,23
33316                                                                                        22,23
33317                                                                                     20,22,23
33319                                                                                           20
33321                                                                                           20
33322                                                                                        20,22
33323                                                                                        22,23
33324                                                                                        22,23
33325                                                                                        22,23
33326                                                                                        20,23
33327                                                                                        20,23
33328                                                                                           23
33330                                                                                           23
33331                                                                                           23
33332                                                                                        23,25
33334                                                                                        20,22
33351                                                                                           20
33401                                                                                     18,20,22
33403                                                                                        18,20
33404                                                                                     18,20,22
33405                                                                                        20,22
33406                                                                                        20-22
33407                                                                                     18,20,22
33408                                                                                        18,20
33409                                                                                        18,20
33410                                                                                        18,20
33411                                                                                     18,20,21
33412                                                                                           18
33413                                                                                        20,21
33414                                                                                        20,21
33415                                                                                        20-22
33417                                                                                        18,20
33418                                                                                        18,20
33426                                                                                        20,22
33428                                                                                        20,21
33430                                                                                           20
33431                                                                                           22
33432                                                                                           22
33433                                                                                        21,22
33434                                                                                        21,22
33435                                                                                        20,22
33436                                                                                        21,22
33437                                                                                           21
33438                                                                                        18,20
33440                                                                                        20,25
33441                                                                                        20-22
33442                                                                                        20,21
33444                                                                                           22
33445                                                                                           22
33446                                                                                           21
33449                                                                                        20,21
33455                                                                                           18
33458                                                                                           18
33460                                                                                        20,22
33461                                                                                           22
33462                                                                                        20,22
33463                                                                                        21,22
33467                                                                                           21
33469                                                                                           18
33470                                                                                     18,20,21
33471                                                                                           17
33472                                                                                        20,21
33473                                                                                           21
33476                                                                                           20
33477                                                                                           18
33478                                                                                           18
33480                                                                                           22
33483                                                                                           22
33484                                                                                        21,22
33486                                                                                           22
33487                                                                                           22
33493                                                                                           20
33496                                                                                        21,22
33498                                                                                           21
33503                                                                                           17
33510                                                                                        14,15
33511                                                                                     14,15,17
33513                                                                                           11
33514                                                                                           11
33521                                                                                           11
33523                                                                                        11,12
33525                                                                                           12
33527                                                                                           15
33534                                                                                        14,17
33538                                                                                           11
33540                                                                                        12,15
33541                                                                                           12
33542                                                                                           12
33543                                                                                           12
33544                                                                                           12
33545                                                                                           12
33547                                                                                        15,17
33548                                                                                        12,15
33549                                                                                     12,14,15
33556                                                                                           12
33558                                                                                           12
33559                                                                                        12,15
33563                                                                                           15
33565                                                                                           15
33566                                                                                           15
33567                                                                                           15
33569                                                                                        15,17
33570                                                                                        14,17
33572                                                                                           14
33573                                                                                           17
33576                                                                                           12
33578                                                                                     14,15,17
33579                                                                                           17
33584                                                                                        14,15
33585                                                                                           11
33592                                                                                           15
33594                                                                                           15
33596                                                                                        15,17
33597                                                                                        11,12
33598                                                                                        16,17
33602                                                                                           14
33603                                                                                           14
33604                                                                                           14
33605                                                                                           14
33606                                                                                           14
33607                                                                                           14
33609                                                                                           14
33610                                                                                        14,15
33611                                                                                           14
33612                                                                                     12,14,15
33613                                                                                     12,14,15
33614                                                                                           14
33615                                                                                           14
33616                                                                                           14
33617                                                                                        14,15
33618                                                                                     12,14,15
33619                                                                                           14
33620                                                                                           15
33621                                                                                           14
33624                                                                                        12,14
33625                                                                                        12,14
33626                                                                                        12,14
33629                                                                                           14
33634                                                                                           14
33635                                                                                           14
33637                                                                                        14,15
33647                                                                                        12,15
33701                                                                                        13,14
33702                                                                                           13
33703                                                                                           13
33704                                                                                        13,14
33705                                                                                        13,14
33706                                                                                           13
33707                                                                                        13,14
33708                                                                                           13
33709                                                                                           13
33710                                                                                        13,14
33711                                                                                        13,14
33712                                                                                           14
33713                                                                                        13,14
33714                                                                                           13
33715                                                                                           13
33716                                                                                           13
33744                                                                                           13
33755                                                                                           13
33756                                                                                           13
33759                                                                                           13
33760                                                                                           13
33761                                                                                        12,13
33762                                                                                           13
33763                                                                                           13
33764                                                                                           13
33765                                                                                           13
33767                                                                                           13
33770                                                                                           13
33771                                                                                           13
33772                                                                                           13
33773                                                                                           13
33774                                                                                           13
33776                                                                                           13
33777                                                                                           13
33778                                                                                           13
33781                                                                                           13
33782                                                                                           13
33785                                                                                           13
33786                                                                                           13
33801                                                                                           15
33803                                                                                           15
33805                                                                                        10,15
33809                                                                                        10,15
33810                                                                                           15
33811                                                                                           15
33812                                                                                           15
33813                                                                                           15
33815                                                                                           15
33823                                                                                        10,15
33825                                                                                           17
33827                                                                                           17
33830                                                                                        15,17
33834                                                                                           17
33837                                                                                         9,10
33838                                                                                         9,17
33839                                                                                           17
33841                                                                                           17
33843                                                                                           17
33844                                                                                      9,10,17
33847                                                                                           17
33848                                                                                            9
33849                                                                                           15
33850                                                                                           10
33851                                                                                            9
33852                                                                                           17
33853                                                                                           17
33854                                                                                           17
33855                                                                                           17
33856                                                                                           17
33857                                                                                           17
33859                                                                                           17
33860                                                                                        15,17
33865                                                                                           17
33867                                                                                           17
33868                                                                                        10,15
33870                                                                                           17
33872                                                                                           17
33873                                                                                           17
33875                                                                                           17
33876                                                                                           17
33877                                                                                           17
33880                                                                                     10,15,17
33881                                                                                      9,10,17
33884                                                                                        10,17
33890                                                                                           17
33896                                                                                         9,10
33897                                                                                           10
33898                                                                                           17
33901                                                                                           19
33903                                                                                        17,19
33904                                                                                           19
33905                                                                                        17,19
33907                                                                                           19
33908                                                                                           19
33909                                                                                           19
33912                                                                                           19
33913                                                                                           19
33914                                                                                           19
33916                                                                                           19
33917                                                                                        17,19
33919                                                                                           19
33920                                                                                           17
33921                                                                                        17,19
33922                                                                                           19
33924                                                                                           19
33928                                                                                           19
33930                                                                                           25
33931                                                                                           19
33935                                                                                        17,25
33936                                                                                     17,19,25
33944                                                                                           17
33945                                                                                           19
33946                                                                                           17
33947                                                                                           17
33948                                                                                           17
33950                                                                                           17
33952                                                                                           17
33953                                                                                           17
33954                                                                                           17
33955                                                                                        17,19
33956                                                                                           19
33957                                                                                           19
33960                                                                                           17
33965                                                                                           19
33966                                                                                           19
33967                                                                                           19
33971                                                                                        17,19
33972                                                                                           17
33973                                                                                           19
33974                                                                                        17,19
33976                                                                                           19
33980                                                                                           17
33981                                                                                           17
33982                                                                                           17
33983                                                                                           17
33990                                                                                           19
33991                                                                                           19
33993                                                                                           19
34101                                                                                           19
34102                                                                                           19
34103                                                                                           19
34104                                                                                        19,25
34105                                                                                        19,25
34108                                                                                           19
34109                                                                                        19,25
34110                                                                                           19
34112                                                                                        19,25
34113                                                                                           19
34114                                                                                        19,25
34116                                                                                           25
34117                                                                                           25
34119                                                                                        19,25
34120                                                                                           25
34134                                                                                           19
34135                                                                                           19
34137                                                                                           25
34138                                                                                           25
34139                                                                                           25
34140                                                                                           19
34141                                                                                        25,26
34142                                                                                        20,25
34145                                                                                           19
34201                                                                                           16
34202                                                                                           16
34203                                                                                           16
34205                                                                                           16
34207                                                                                           16
34208                                                                                           16
34209                                                                                           16
34210                                                                                           16
34211                                                                                           16
34212                                                                                           16
34215                                                                                           16
34216                                                                                           16
34217                                                                                           16
34219                                                                                        16,17
34221                                                                                           16
34222                                                                                           16
34223                                                                                        16,17
34224                                                                                        16,17
34228                                                                                           16
34229                                                                                           16
34231                                                                                           16
34232                                                                                           16
34233                                                                                           16
34234                                                                                           16
34235                                                                                           16
34236                                                                                           16
34237                                                                                           16
34238                                                                                           16
34239                                                                                           16
34240                                                                                           16
34241                                                                                           16
34242                                                                                           16
34243                                                                                           16
34251                                                                                        16,17
34266                                                                                        16,17
34268                                                                                           17
34269                                                                                           17
34275                                                                                           16
34285                                                                                           16
34286                                                                                           16
34287                                                                                           16
34288                                                                                           16
34289                                                                                           16
34291                                                                                           16
34292                                                                                           16
34293                                                                                           16
34420                                                                                           11
34428                                                                                           11
34429                                                                                           11
34431                                                                                            3
34432                                                                                         3,11
34433                                                                                           11
34434                                                                                           11
34436                                                                                           11
34442                                                                                           11
34445                                                                                           11
34446                                                                                           11
34448                                                                                           11
34449                                                                                         3,11
34450                                                                                           11
34452                                                                                           11
34453                                                                                           11
34461                                                                                           11
34465                                                                                           11
34470                                                                                           11
34471                                                                                           11
34472                                                                                           11
34473                                                                                           11
34474                                                                                         3,11
34475                                                                                         3,11
34476                                                                                         3,11
34479                                                                                           11
34480                                                                                           11
34481                                                                                         3,11
34482                                                                                         3,11
34484                                                                                           11
34488                                                                                           11
34491                                                                                           11
34498                                                                                            3
34601                                                                                           11
34602                                                                                           11
34604                                                                                           11
34606                                                                                           11
34607                                                                                           11
34608                                                                                           11
34609                                                                                           11
34610                                                                                           12
34613                                                                                           11
34614                                                                                           11
34637                                                                                           12
34638                                                                                           12
34639                                                                                           12
34652                                                                                           12
34653                                                                                           12
34654                                                                                           12
34655                                                                                           12
34661                                                                                           11
34667                                                                                           12
34668                                                                                           12
34669                                                                                           12
34677                                                                                        12,13
34679                                                                                           12
34681                                                                                           12
34683                                                                                        12,13
34684                                                                                        12,13
34685                                                                                           12
34688                                                                                           12
34689                                                                                           12
34690                                                                                           12
34691                                                                                           12
34695                                                                                        12,13
34698                                                                                        12,13
34705                                                                                           10
34711                                                                                           10
34714                                                                                           10
34715                                                                                           10
34731                                                                                        10,11
34734                                                                                         5,10
34736                                                                                           10
34737                                                                                           10
34739                                                                                            9
34741                                                                                            9
34743                                                                                            9
34744                                                                                            9
34746                                                                                            9
34747                                                                                         9,10
34748                                                                                           10
34753                                                                                           10
34756                                                                                           10
34758                                                                                            9
34759                                                                                            9
34760                                                                                           10
34761                                                                                         5,10
34762                                                                                           10
34769                                                                                            9
34771                                                                                            9
34772                                                                                            9
34773                                                                                            9
34785                                                                                           11
34786                                                                                           10
34787                                                                                           10
34788                                                                                           10
34797                                                                                           10
34945                                                                                           18
34946                                                                                           18
34947                                                                                           18
34949                                                                                           18
34950                                                                                           18
34951                                                                                           18
34952                                                                                           18
34953                                                                                           18
34956                                                                                           18
34957                                                                                           18
34972                                                                                      9,17,18
34974                                                                                        17,18
34981                                                                                           18
34982                                                                                           18
34983                                                                                           18
34984                                                                                           18
34986                                                                                           18
34987                                                                                           18
34990                                                                                           18
34994                                                                                           18
34996                                                                                           18
34997                                                                                           18
