IOWA CONGRESSIONAL DISTRICTS BY ZIP CODE TABULATION AREA (ZCTA)

ZCTA                                                                        Congressional District

50001                                                                                            3
50002                                                                                            3
50003                                                                                            3
50005                                                                                            1
50006                                                                                            4
50007                                                                                            3
50008                                                                                            2
50009                                                                                            3
50010                                                                                            4
50011                                                                                            4
50012                                                                                            4
50014                                                                                            4
50020                                                                                          3,4
50021                                                                                            3
50022                                                                                          3,4
50023                                                                                            3
50025                                                                                            4
50026                                                                                          3,4
50027                                                                                          1,2
50028                                                                                            2
50029                                                                                          3,4
50032                                                                                            3
50033                                                                                            3
50034                                                                                            4
50035                                                                                            3
50036                                                                                            4
50038                                                                                            3
50039                                                                                            3
50041                                                                                            4
50042                                                                                            4
50044                                                                                            2
50046                                                                                          3,4
50047                                                                                            3
50048                                                                                            3
50049                                                                                            2
50050                                                                                            4
50051                                                                                            1
50052                                                                                            2
50054                                                                                            2
50055                                                                                          2,4
50056                                                                                            4
50057                                                                                            2
50058                                                                                          3,4
50060                                                                                            2
50061                                                                                            3
50062                                                                                            2
50063                                                                                            3
50064                                                                                            4
50065                                                                                            2
50066                                                                                            3
50067                                                                                            2
50068                                                                                            2
50069                                                                                            3
50070                                                                                            3
50071                                                                                            4
50072                                                                                            3
50073                                                                                            3
50074                                                                                            3
50075                                                                                            4
50076                                                                                            4
50078                                                                                            1
50101                                                                                            4
50102                                                                                            4
50103                                                                                            2
50104                                                                                            2
50105                                                                                            4
50106                                                                                          1,2
50107                                                                                            4
50108                                                                                            2
50109                                                                                            3
50111                                                                                            3
50112                                                                                          1,2
50115                                                                                            3
50116                                                                                            2
50117                                                                                            4
50118                                                                                            3
50119                                                                                            2
50120                                                                                            1
50122                                                                                            4
50123                                                                                            2
50124                                                                                          3,4
50125                                                                                            3
50126                                                                                            4
50127                                                                                            2
50128                                                                                          3,4
50129                                                                                            4
50130                                                                                            4
50131                                                                                            3
50132                                                                                            4
50133                                                                                          2,3
50134                                                                                            4
50135                                                                                            2
50136                                                                                          1,2
50138                                                                                            2
50139                                                                                          2,3
50140                                                                                          2,3
50141                                                                                          1,2
50142                                                                                            1
50143                                                                                            2
50144                                                                                            2
50146                                                                                            3
50147                                                                                            2
50148                                                                                            1
50149                                                                                            3
50150                                                                                            2
50151                                                                                          2,3
50153                                                                                          1,2
50154                                                                                            4
50155                                                                                            3
50156                                                                                          3,4
50157                                                                                            1
50158                                                                                            1
50160                                                                                            3
50161                                                                                          3,4
50162                                                                                            1
50163                                                                                            2
50164                                                                                            3
50165                                                                                            2
50166                                                                                            3
50167                                                                                            3
50168                                                                                            2
50169                                                                                          2,3
50170                                                                                            2
50171                                                                                            1
50173                                                                                            1
50174                                                                                          2,3
50201                                                                                            4
50206                                                                                          1,4
50207                                                                                          1,2
50208                                                                                            2
50210                                                                                          2,3
50211                                                                                            3
50212                                                                                            4
50213                                                                                            2
50214                                                                                            2
50216                                                                                            3
50217                                                                                            4
50218                                                                                            3
50219                                                                                            2
50220                                                                                          3,4
50222                                                                                            3
50223                                                                                            4
50225                                                                                          2,3
50226                                                                                          3,4
50227                                                                                            4
50228                                                                                            2
50229                                                                                            3
50230                                                                                            4
50231                                                                                            4
50232                                                                                            2
50233                                                                                            3
50234                                                                                          1,2
50235                                                                                          3,4
50236                                                                                            4
50237                                                                                          2,3
50238                                                                                            2
50239                                                                                            1
50240                                                                                            3
50242                                                                                            1
50243                                                                                          3,4
50244                                                                                          3,4
50246                                                                                            4
50247                                                                                          1,4
50248                                                                                            4
50249                                                                                            4
50250                                                                                            3
50251                                                                                            2
50252                                                                                            2
50254                                                                                            3
50255                                                                                            2
50256                                                                                            2
50257                                                                                          2,3
50258                                                                                          1,4
50261                                                                                            3
50262                                                                                            2
50263                                                                                            3
50264                                                                                            2
50265                                                                                            3
50266                                                                                            3
50268                                                                                            2
50271                                                                                            4
50272                                                                                            2
50273                                                                                            3
50274                                                                                            3
50275                                                                                            2
50276                                                                                          3,4
50277                                                                                            3
50278                                                                                            4
50309                                                                                            3
50310                                                                                            3
50311                                                                                            3
50312                                                                                            3
50313                                                                                            3
50314                                                                                            3
50315                                                                                            3
50316                                                                                            3
50317                                                                                            3
50319                                                                                            3
50320                                                                                            3
50321                                                                                            3
50322                                                                                            3
50323                                                                                            3
50324                                                                                            3
50325                                                                                            3
50327                                                                                            3
50401                                                                                            4
50420                                                                                            4
50421                                                                                            4
50423                                                                                            4
50424                                                                                            4
50426                                                                                            1
50428                                                                                            4
50430                                                                                            4
50431                                                                                            4
50432                                                                                            4
50433                                                                                            4
50434                                                                                          1,4
50435                                                                                            4
50436                                                                                            4
50438                                                                                            4
50439                                                                                            4
50440                                                                                            1
50441                                                                                            4
50444                                                                                          1,4
50446                                                                                          1,4
50447                                                                                            4
50448                                                                                            1
50449                                                                                            4
50450                                                                                          1,4
50451                                                                                            4
50452                                                                                            4
50453                                                                                            4
50454                                                                                            1
50455                                                                                            1
50456                                                                                            1
50457                                                                                            4
50458                                                                                          1,4
50459                                                                                            1
50460                                                                                          1,4
50461                                                                                          1,4
50464                                                                                          1,4
50465                                                                                            4
50466                                                                                            1
50467                                                                                            4
50468                                                                                            4
50469                                                                                            4
50470                                                                                            4
50471                                                                                          1,4
50472                                                                                            1
50473                                                                                            4
50475                                                                                            4
50476                                                                                            1
50477                                                                                            4
50478                                                                                            4
50479                                                                                            4
50480                                                                                            4
50482                                                                                            4
50483                                                                                            4
50484                                                                                            4
50501                                                                                            4
50510                                                                                            4
50511                                                                                            4
50514                                                                                            4
50515                                                                                            4
50516                                                                                            4
50517                                                                                            4
50518                                                                                            4
50519                                                                                            4
50520                                                                                            4
50521                                                                                            4
50522                                                                                            4
50523                                                                                            4
50524                                                                                            4
50525                                                                                            4
50527                                                                                            4
50528                                                                                            4
50529                                                                                            4
50530                                                                                            4
50531                                                                                            4
50532                                                                                            4
50533                                                                                            4
50535                                                                                            4
50536                                                                                            4
50538                                                                                            4
50539                                                                                            4
50540                                                                                            4
50541                                                                                            4
50542                                                                                            4
50543                                                                                            4
50544                                                                                            4
50545                                                                                            4
50546                                                                                            4
50548                                                                                            4
50551                                                                                            4
50554                                                                                            4
50556                                                                                            4
50557                                                                                            4
50558                                                                                            4
50559                                                                                            4
50560                                                                                            4
50561                                                                                            4
50562                                                                                            4
50563                                                                                            4
50565                                                                                            4
50566                                                                                            4
50567                                                                                            4
50568                                                                                            4
50569                                                                                            4
50570                                                                                            4
50571                                                                                            4
50573                                                                                            4
50574                                                                                            4
50575                                                                                            4
50576                                                                                            4
50577                                                                                            4
50578                                                                                            4
50579                                                                                            4
50581                                                                                            4
50582                                                                                            4
50583                                                                                            4
50585                                                                                            4
50586                                                                                            4
50588                                                                                            4
50590                                                                                            4
50591                                                                                            4
50593                                                                                            4
50594                                                                                            4
50595                                                                                            4
50597                                                                                            4
50598                                                                                            4
50599                                                                                            4
50601                                                                                            4
50602                                                                                            4
50603                                                                                          1,4
50604                                                                                            4
50605                                                                                            4
50606                                                                                            1
50607                                                                                            1
50609                                                                                          1,4
50611                                                                                            4
50612                                                                                            1
50613                                                                                          1,4
50616                                                                                            4
50619                                                                                            4
50620                                                                                            4
50621                                                                                          1,4
50622                                                                                            1
50624                                                                                            4
50625                                                                                            4
50626                                                                                            1
50627                                                                                            4
50628                                                                                            1
50629                                                                                            1
50630                                                                                          1,4
50632                                                                                            1
50633                                                                                            4
50634                                                                                            1
50635                                                                                            1
50636                                                                                            4
50638                                                                                            4
50641                                                                                            1
50642                                                                                            4
50643                                                                                          1,4
50644                                                                                            1
50645                                                                                          1,4
50647                                                                                            1
50648                                                                                            1
50650                                                                                            1
50651                                                                                            1
50652                                                                                            1
50653                                                                                            4
50654                                                                                            1
50655                                                                                            1
50658                                                                                            4
50659                                                                                            4
50660                                                                                            4
50662                                                                                            1
50664                                                                                            1
50665                                                                                            4
50666                                                                                          1,4
50667                                                                                            1
50668                                                                                            1
50669                                                                                          1,4
50670                                                                                          1,4
50671                                                                                            1
50672                                                                                            4
50673                                                                                            4
50674                                                                                          1,4
50675                                                                                            1
50676                                                                                            1
50677                                                                                            1
50680                                                                                            4
50681                                                                                            1
50682                                                                                            1
50701                                                                                            1
50702                                                                                            1
50703                                                                                            1
50707                                                                                            1
50801                                                                                            3
50830                                                                                            3
50833                                                                                            3
50835                                                                                            3
50836                                                                                            3
50837                                                                                            3
50839                                                                                            3
50840                                                                                            3
50841                                                                                            3
50842                                                                                            3
50843                                                                                            3
50845                                                                                            3
50846                                                                                            3
50847                                                                                            3
50848                                                                                            3
50849                                                                                            3
50851                                                                                            3
50853                                                                                            3
50854                                                                                            3
50857                                                                                            3
50858                                                                                            3
50859                                                                                            3
50860                                                                                            3
50861                                                                                            3
50862                                                                                            3
50863                                                                                            3
50864                                                                                            3
51001                                                                                            4
51002                                                                                            4
51003                                                                                            4
51004                                                                                            4
51005                                                                                            4
51006                                                                                            4
51007                                                                                            4
51008                                                                                            4
51009                                                                                            4
51010                                                                                            4
51011                                                                                            4
51012                                                                                            4
51014                                                                                            4
51016                                                                                            4
51018                                                                                            4
51019                                                                                            4
51020                                                                                            4
51022                                                                                            4
51023                                                                                            4
51024                                                                                            4
51025                                                                                            4
51026                                                                                            4
51027                                                                                            4
51028                                                                                            4
51029                                                                                            4
51030                                                                                            4
51031                                                                                            4
51033                                                                                            4
51034                                                                                            4
51035                                                                                            4
51036                                                                                            4
51037                                                                                            4
51038                                                                                            4
51039                                                                                            4
51040                                                                                            4
51041                                                                                            4
51044                                                                                            4
51046                                                                                            4
51047                                                                                            4
51048                                                                                            4
51049                                                                                            4
51050                                                                                            4
51051                                                                                            4
51052                                                                                            4
51053                                                                                            4
51054                                                                                            4
51055                                                                                            4
51056                                                                                            4
51058                                                                                            4
51060                                                                                            4
51061                                                                                            4
51062                                                                                            4
51063                                                                                            4
51101                                                                                            4
51103                                                                                            4
51104                                                                                            4
51105                                                                                            4
51106                                                                                            4
51108                                                                                            4
51109                                                                                            4
51111                                                                                            4
51201                                                                                            4
51230                                                                                            4
51231                                                                                            4
51232                                                                                            4
51234                                                                                            4
51235                                                                                            4
51237                                                                                            4
51238                                                                                            4
51239                                                                                            4
51240                                                                                            4
51241                                                                                            4
51242                                                                                            4
51243                                                                                            4
51244                                                                                            4
51245                                                                                            4
51246                                                                                            4
51247                                                                                            4
51248                                                                                            4
51249                                                                                            4
51250                                                                                            4
51301                                                                                            4
51331                                                                                            4
51333                                                                                            4
51334                                                                                            4
51338                                                                                            4
51341                                                                                            4
51342                                                                                            4
51343                                                                                            4
51345                                                                                            4
51346                                                                                            4
51347                                                                                            4
51350                                                                                            4
51351                                                                                            4
51354                                                                                            4
51355                                                                                            4
51357                                                                                            4
51358                                                                                            4
51360                                                                                            4
51363                                                                                            4
51364                                                                                            4
51365                                                                                            4
51366                                                                                            4
51401                                                                                            4
51430                                                                                            4
51431                                                                                            4
51433                                                                                            4
51436                                                                                            4
51439                                                                                            4
51440                                                                                            4
51441                                                                                            4
51442                                                                                            4
51443                                                                                            4
51444                                                                                            4
51445                                                                                            4
51446                                                                                            4
51447                                                                                            4
51448                                                                                            4
51449                                                                                            4
51450                                                                                            4
51451                                                                                            4
51453                                                                                            4
51454                                                                                            4
51455                                                                                            4
51458                                                                                            4
51459                                                                                            4
51461                                                                                            4
51462                                                                                            4
51463                                                                                            4
51465                                                                                            4
51466                                                                                            4
51467                                                                                            4
51501                                                                                            3
51503                                                                                            3
51510                                                                                            3
51520                                                                                            4
51521                                                                                          3,4
51523                                                                                            4
51525                                                                                            3
51526                                                                                            3
51527                                                                                            4
51528                                                                                            4
51529                                                                                            4
51530                                                                                            4
51531                                                                                            4
51532                                                                                            3
51533                                                                                            3
51534                                                                                            3
51535                                                                                            3
51536                                                                                            3
51537                                                                                            4
51540                                                                                            3
51541                                                                                            3
51542                                                                                            3
51543                                                                                            4
51544                                                                                            3
51545                                                                                            4
51546                                                                                            4
51548                                                                                            3
51549                                                                                            3
51550                                                                                            4
51551                                                                                            3
51552                                                                                          3,4
51553                                                                                            3
51554                                                                                            3
51555                                                                                          3,4
51556                                                                                            4
51557                                                                                            4
51558                                                                                            4
51559                                                                                          3,4
51560                                                                                            3
51561                                                                                            3
51562                                                                                            4
51563                                                                                            4
51564                                                                                            4
51565                                                                                            4
51566                                                                                            3
51570                                                                                          3,4
51571                                                                                            3
51572                                                                                            4
51573                                                                                            3
51575                                                                                            3
51576                                                                                            3
51577                                                                                          3,4
51578                                                                                            4
51579                                                                                            4
51601                                                                                            3
51630                                                                                            3
51631                                                                                            3
51632                                                                                            3
51636                                                                                            3
51637                                                                                            3
51638                                                                                            3
51639                                                                                            3
51640                                                                                            3
51645                                                                                            3
51646                                                                                            3
51647                                                                                            3
51648                                                                                            3
51649                                                                                            3
51650                                                                                            3
51652                                                                                            3
51653                                                                                            3
51654                                                                                            3
51656                                                                                            3
52001                                                                                            1
52002                                                                                            1
52003                                                                                            1
52030                                                                                            1
52031                                                                                            1
52032                                                                                            1
52033                                                                                            1
52035                                                                                            1
52037                                                                                          1,2
52038                                                                                            1
52039                                                                                            1
52040                                                                                            1
52041                                                                                            1
52042                                                                                            1
52043                                                                                            1
52044                                                                                            1
52045                                                                                            1
52046                                                                                            1
52047                                                                                            1
52048                                                                                            1
52049                                                                                            1
52050                                                                                            1
52052                                                                                            1
52053                                                                                            1
52054                                                                                            1
52057                                                                                            1
52060                                                                                          1,2
52064                                                                                          1,2
52065                                                                                            1
52066                                                                                            1
52068                                                                                            1
52069                                                                                          1,2
52070                                                                                          1,2
52072                                                                                            1
52073                                                                                            1
52074                                                                                            1
52076                                                                                            1
52077                                                                                            1
52078                                                                                            1
52079                                                                                            1
52101                                                                                            1
52132                                                                                            1
52133                                                                                            1
52134                                                                                            1
52135                                                                                            1
52136                                                                                            1
52140                                                                                            1
52141                                                                                            1
52142                                                                                            1
52144                                                                                            1
52146                                                                                            1
52147                                                                                            1
52151                                                                                            1
52154                                                                                          1,4
52155                                                                                            1
52156                                                                                            1
52157                                                                                            1
52158                                                                                            1
52159                                                                                            1
52160                                                                                            1
52161                                                                                            1
52162                                                                                            1
52163                                                                                            1
52164                                                                                            1
52165                                                                                            1
52166                                                                                            1
52168                                                                                            1
52169                                                                                            1
52170                                                                                            1
52171                                                                                          1,4
52172                                                                                            1
52175                                                                                            1
52201                                                                                            2
52202                                                                                            1
52203                                                                                          1,2
52205                                                                                            1
52206                                                                                            1
52207                                                                                          1,2
52208                                                                                            1
52209                                                                                            1
52210                                                                                            1
52211                                                                                            1
52212                                                                                            1
52213                                                                                            1
52214                                                                                            1
52215                                                                                            1
52216                                                                                          1,2
52217                                                                                            1
52218                                                                                            1
52219                                                                                            1
52220                                                                                            1
52221                                                                                            1
52222                                                                                            1
52223                                                                                            1
52224                                                                                            1
52225                                                                                            1
52227                                                                                            1
52228                                                                                          1,2
52229                                                                                            1
52231                                                                                            2
52232                                                                                            1
52233                                                                                            1
52235                                                                                            2
52236                                                                                            1
52237                                                                                            1
52240                                                                                            2
52241                                                                                            2
52242                                                                                            2
52245                                                                                            2
52246                                                                                            2
52247                                                                                            2
52248                                                                                            2
52249                                                                                            1
52251                                                                                            1
52253                                                                                          1,2
52254                                                                                            2
52255                                                                                            2
52257                                                                                            1
52301                                                                                            1
52302                                                                                            1
52305                                                                                            1
52306                                                                                          1,2
52307                                                                                            1
52308                                                                                            1
52309                                                                                            1
52310                                                                                            1
52312                                                                                            1
52313                                                                                            1
52314                                                                                            1
52315                                                                                            1
52316                                                                                          1,2
52317                                                                                            2
52318                                                                                            1
52320                                                                                          1,2
52321                                                                                            1
52322                                                                                            2
52323                                                                                          1,2
52324                                                                                            1
52325                                                                                          1,2
52326                                                                                            1
52327                                                                                            2
52328                                                                                            1
52329                                                                                            1
52330                                                                                            1
52332                                                                                            1
52333                                                                                            2
52334                                                                                            1
52335                                                                                            2
52336                                                                                            1
52337                                                                                            2
52338                                                                                          1,2
52339                                                                                            1
52340                                                                                            2
52341                                                                                            1
52342                                                                                            1
52345                                                                                            1
52346                                                                                            1
52347                                                                                            1
52348                                                                                            1
52349                                                                                            1
52351                                                                                            1
52352                                                                                            1
52353                                                                                            2
52354                                                                                            1
52355                                                                                          1,2
52356                                                                                          1,2
52358                                                                                            2
52359                                                                                            2
52361                                                                                            1
52362                                                                                            1
52401                                                                                            1
52402                                                                                            1
52403                                                                                            1
52404                                                                                          1,2
52405                                                                                            1
52411                                                                                            1
52501                                                                                            2
52530                                                                                            2
52531                                                                                            2
52533                                                                                            2
52534                                                                                            2
52535                                                                                            2
52536                                                                                            2
52537                                                                                            2
52540                                                                                            2
52542                                                                                            2
52543                                                                                            2
52544                                                                                            2
52548                                                                                            2
52549                                                                                            2
52550                                                                                            2
52551                                                                                            2
52552                                                                                            2
52553                                                                                            2
52554                                                                                            2
52555                                                                                            2
52556                                                                                            2
52557                                                                                            2
52560                                                                                            2
52561                                                                                            2
52563                                                                                            2
52565                                                                                            2
52566                                                                                            2
52567                                                                                            2
52569                                                                                            2
52570                                                                                            2
52571                                                                                            2
52572                                                                                            2
52573                                                                                            2
52574                                                                                            2
52576                                                                                            2
52577                                                                                            2
52580                                                                                            2
52581                                                                                            2
52583                                                                                            2
52584                                                                                            2
52585                                                                                            2
52586                                                                                            2
52588                                                                                            2
52590                                                                                            2
52591                                                                                            2
52593                                                                                            2
52594                                                                                            2
52595                                                                                            2
52601                                                                                            2
52619                                                                                            2
52620                                                                                            2
52621                                                                                            2
52623                                                                                            2
52624                                                                                            2
52625                                                                                            2
52626                                                                                            2
52627                                                                                            2
52630                                                                                            2
52632                                                                                            2
52635                                                                                            2
52637                                                                                            2
52638                                                                                            2
52639                                                                                            2
52640                                                                                            2
52641                                                                                            2
52644                                                                                            2
52645                                                                                            2
52646                                                                                            2
52647                                                                                            2
52649                                                                                            2
52650                                                                                            2
52651                                                                                            2
52653                                                                                            2
52654                                                                                            2
52655                                                                                            2
52656                                                                                            2
52657                                                                                            2
52658                                                                                            2
52659                                                                                            2
52660                                                                                            2
52701                                                                                            2
52720                                                                                            2
52721                                                                                            2
52722                                                                                            2
52726                                                                                            2
52727                                                                                            2
52728                                                                                            2
52729                                                                                            2
52730                                                                                            2
52731                                                                                          1,2
52732                                                                                            2
52737                                                                                            2
52738                                                                                            2
52739                                                                                            2
52742                                                                                            2
52745                                                                                            2
52746                                                                                            2
52747                                                                                            2
52748                                                                                            2
52749                                                                                            2
52750                                                                                            2
52751                                                                                            2
52752                                                                                            2
52753                                                                                            2
52754                                                                                            2
52755                                                                                            2
52756                                                                                            2
52757                                                                                            2
52758                                                                                            2
52760                                                                                            2
52761                                                                                            2
52765                                                                                            2
52766                                                                                            2
52767                                                                                            2
52768                                                                                            2
52769                                                                                            2
52772                                                                                            2
52773                                                                                            2
52774                                                                                            2
52776                                                                                            2
52777                                                                                            2
52778                                                                                            2
52801                                                                                            2
52802                                                                                            2
52803                                                                                            2
52804                                                                                            2
52806                                                                                            2
52807                                                                                            2
56027                                                                                            4
