KENTUCKY CONGRESSIONAL DISTRICTS BY ZIP CODE TABULATION AREA (ZCTA)

ZCTA                                                                        Congressional District

38079                                                                                            1
40003                                                                                          4,6
40004                                                                                            2
40006                                                                                            4
40007                                                                                            4
40008                                                                                            2
40009                                                                                            1
40010                                                                                            4
40011                                                                                            4
40012                                                                                            2
40013                                                                                            2
40014                                                                                            4
40019                                                                                            4
40020                                                                                            2
40022                                                                                            4
40023                                                                                            4
40025                                                                                            3
40026                                                                                            4
40031                                                                                            4
40033                                                                                            1
40036                                                                                            4
40037                                                                                          1,2
40040                                                                                            2
40041                                                                                            3
40045                                                                                            4
40046                                                                                        2,4,6
40047                                                                                            2
40048                                                                                            2
40049                                                                                            1
40050                                                                                            4
40051                                                                                            2
40052                                                                                          1,2
40055                                                                                            4
40056                                                                                            4
40057                                                                                            4
40058                                                                                            4
40059                                                                                          3,4
40060                                                                                            1
40062                                                                                            1
40063                                                                                            1
40065                                                                                            4
40067                                                                                            4
40068                                                                                            4
40069                                                                                          1,2
40070                                                                                            4
40071                                                                                          2,4
40075                                                                                            4
40076                                                                                          4,6
40077                                                                                            4
40078                                                                                            2
40104                                                                                            2
40107                                                                                            2
40108                                                                                            2
40109                                                                                            2
40110                                                                                            2
40111                                                                                            2
40115                                                                                            2
40117                                                                                            2
40118                                                                                            3
40119                                                                                          1,2
40121                                                                                            2
40140                                                                                            2
40142                                                                                            2
40143                                                                                            2
40144                                                                                            2
40145                                                                                            2
40146                                                                                            2
40150                                                                                            2
40152                                                                                            2
40155                                                                                            2
40157                                                                                            2
40160                                                                                            2
40161                                                                                            2
40162                                                                                            2
40165                                                                                            2
40170                                                                                            2
40171                                                                                            2
40175                                                                                            2
40176                                                                                            2
40177                                                                                          2,3
40178                                                                                            2
40202                                                                                            3
40203                                                                                            3
40204                                                                                            3
40205                                                                                            3
40206                                                                                            3
40207                                                                                            3
40208                                                                                            3
40209                                                                                            3
40210                                                                                            3
40211                                                                                            3
40212                                                                                            3
40213                                                                                            3
40214                                                                                            3
40215                                                                                            3
40216                                                                                            3
40217                                                                                            3
40218                                                                                            3
40219                                                                                            3
40220                                                                                            3
40222                                                                                            3
40223                                                                                            3
40228                                                                                            3
40229                                                                                          2,3
40231                                                                                            3
40241                                                                                          3,4
40242                                                                                            3
40243                                                                                            3
40245                                                                                          3,4
40258                                                                                            3
40272                                                                                          2,3
40280                                                                                            3
40291                                                                                          3,4
40299                                                                                          2-4
40310                                                                                            2
40311                                                                                            6
40312                                                                                            6
40313                                                                                            5
40316                                                                                            6
40322                                                                                            6
40324                                                                                            6
40328                                                                                          1,2
40330                                                                                            2
40334                                                                                            6
40336                                                                                          5,6
40337                                                                                            6
40339                                                                                            2
40342                                                                                            6
40346                                                                                            6
40347                                                                                            6
40348                                                                                            6
40350                                                                                            6
40351                                                                                            5
40353                                                                                            6
40356                                                                                          2,6
40358                                                                                            6
40359                                                                                            4
40360                                                                                            6
40361                                                                                            6
40363                                                                                            4
40370                                                                                          4,6
40371                                                                                            6
40372                                                                                          2,6
40374                                                                                            6
40376                                                                                            6
40379                                                                                          4,6
40380                                                                                            6
40383                                                                                          2,6
40385                                                                                            6
40387                                                                                          5,6
40390                                                                                          2,6
40391                                                                                            6
40402                                                                                            5
40403                                                                                        2,5,6
40404                                                                                            6
40409                                                                                            5
40419                                                                                          2,5
40422                                                                                          2,5
40434                                                                                            5
40437                                                                                          1,5
40440                                                                                          2,5
40442                                                                                          1,5
40444                                                                                          2,5
40445                                                                                            5
40447                                                                                            5
40448                                                                                            5
40456                                                                                            5
40460                                                                                            5
40461                                                                                          2,6
40464                                                                                          1,2
40468                                                                                          1,2
40472                                                                                            6
40475                                                                                            6
40481                                                                                            5
40484                                                                                          2,5
40486                                                                                            5
40489                                                                                          1,5
40502                                                                                            6
40503                                                                                            6
40504                                                                                            6
40505                                                                                            6
40506                                                                                            6
40507                                                                                            6
40508                                                                                            6
40509                                                                                            6
40510                                                                                            6
40511                                                                                            6
40513                                                                                            6
40514                                                                                            6
40515                                                                                            6
40516                                                                                            6
40517                                                                                            6
40601                                                                                          4,6
40604                                                                                            6
40701                                                                                            5
40729                                                                                            5
40734                                                                                            5
40737                                                                                            5
40740                                                                                            5
40741                                                                                            5
40743                                                                                            5
40744                                                                                            5
40759                                                                                            5
40763                                                                                            5
40769                                                                                            5
40771                                                                                            5
40801                                                                                            5
40806                                                                                            5
40807                                                                                            5
40808                                                                                            5
40810                                                                                            5
40813                                                                                            5
40815                                                                                            5
40816                                                                                            5
40818                                                                                            5
40819                                                                                            5
40820                                                                                            5
40823                                                                                            5
40824                                                                                            5
40826                                                                                            5
40827                                                                                            5
40828                                                                                            5
40829                                                                                            5
40830                                                                                            5
40831                                                                                            5
40840                                                                                            5
40843                                                                                            5
40844                                                                                            5
40845                                                                                            5
40847                                                                                            5
40849                                                                                            5
40854                                                                                            5
40855                                                                                            5
40856                                                                                            5
40858                                                                                            5
40862                                                                                            5
40863                                                                                            5
40865                                                                                            5
40868                                                                                            5
40870                                                                                            5
40873                                                                                            5
40874                                                                                            5
40902                                                                                            5
40903                                                                                            5
40906                                                                                            5
40913                                                                                            5
40914                                                                                            5
40915                                                                                            5
40921                                                                                            5
40923                                                                                            5
40927                                                                                            5
40935                                                                                            5
40939                                                                                            5
40940                                                                                            5
40941                                                                                            5
40943                                                                                            5
40946                                                                                            5
40949                                                                                            5
40953                                                                                            5
40958                                                                                            5
40962                                                                                            5
40964                                                                                            5
40965                                                                                            5
40972                                                                                            5
40977                                                                                            5
40979                                                                                            5
40982                                                                                            5
40983                                                                                            5
40988                                                                                            5
40995                                                                                            5
40997                                                                                            5
41001                                                                                            4
41002                                                                                            4
41003                                                                                            4
41004                                                                                          4,6
41005                                                                                            4
41006                                                                                            4
41007                                                                                            4
41008                                                                                            4
41010                                                                                          4,6
41011                                                                                            4
41014                                                                                            4
41015                                                                                            4
41016                                                                                            4
41017                                                                                            4
41018                                                                                            4
41030                                                                                            4
41031                                                                                          4,6
41033                                                                                            4
41034                                                                                            4
41035                                                                                            4
41039                                                                                            6
41040                                                                                            4
41041                                                                                            6
41042                                                                                            4
41043                                                                                            4
41044                                                                                          4,6
41045                                                                                            4
41046                                                                                            4
41048                                                                                            4
41049                                                                                            6
41051                                                                                            4
41052                                                                                            4
41055                                                                                          4,6
41056                                                                                            4
41059                                                                                            4
41062                                                                                            4
41063                                                                                            4
41064                                                                                          4,6
41071                                                                                            4
41073                                                                                            4
41074                                                                                            4
41075                                                                                            4
41076                                                                                            4
41080                                                                                            4
41083                                                                                            4
41085                                                                                            4
41086                                                                                            4
41091                                                                                            4
41092                                                                                            4
41093                                                                                          4,6
41094                                                                                            4
41095                                                                                            4
41097                                                                                            4
41098                                                                                            4
41099                                                                                            4
41101                                                                                            4
41102                                                                                          4,5
41121                                                                                            4
41124                                                                                            5
41129                                                                                          4,5
41132                                                                                            5
41135                                                                                            4
41139                                                                                            4
41141                                                                                            4
41142                                                                                            5
41143                                                                                          4,5
41144                                                                                            4
41146                                                                                            5
41149                                                                                            5
41159                                                                                            5
41164                                                                                          4,5
41166                                                                                            4
41168                                                                                            5
41169                                                                                            4
41171                                                                                            5
41174                                                                                            4
41175                                                                                            4
41179                                                                                            4
41180                                                                                            5
41183                                                                                            4
41189                                                                                            4
41201                                                                                            5
41203                                                                                            5
41204                                                                                            5
41214                                                                                            5
41216                                                                                            5
41219                                                                                            5
41222                                                                                            5
41224                                                                                            5
41226                                                                                            5
41230                                                                                            5
41231                                                                                            5
41232                                                                                            5
41234                                                                                            5
41238                                                                                            5
41240                                                                                            5
41250                                                                                            5
41254                                                                                            5
41255                                                                                            5
41256                                                                                            5
41257                                                                                            5
41260                                                                                            5
41262                                                                                            5
41263                                                                                            5
41264                                                                                            5
41265                                                                                            5
41267                                                                                            5
41268                                                                                            5
41271                                                                                            5
41274                                                                                            5
41301                                                                                          5,6
41311                                                                                            5
41314                                                                                            5
41317                                                                                            5
41332                                                                                          5,6
41339                                                                                            5
41348                                                                                            5
41352                                                                                            5
41360                                                                                            6
41365                                                                                            6
41366                                                                                            5
41367                                                                                            5
41385                                                                                            5
41390                                                                                            5
41397                                                                                            5
41408                                                                                            5
41421                                                                                            5
41425                                                                                            5
41464                                                                                            5
41465                                                                                            5
41472                                                                                            5
41501                                                                                            5
41503                                                                                            5
41512                                                                                            5
41513                                                                                            5
41514                                                                                            5
41517                                                                                            5
41519                                                                                            5
41522                                                                                            5
41524                                                                                            5
41526                                                                                            5
41527                                                                                            5
41528                                                                                            5
41531                                                                                            5
41534                                                                                            5
41535                                                                                            5
41537                                                                                            5
41538                                                                                            5
41539                                                                                            5
41540                                                                                            5
41543                                                                                            5
41544                                                                                            5
41547                                                                                            5
41548                                                                                            5
41553                                                                                            5
41554                                                                                            5
41555                                                                                            5
41557                                                                                            5
41558                                                                                            5
41559                                                                                            5
41560                                                                                            5
41562                                                                                            5
41563                                                                                            5
41564                                                                                            5
41566                                                                                            5
41567                                                                                            5
41568                                                                                            5
41571                                                                                            5
41572                                                                                            5
41601                                                                                            5
41602                                                                                            5
41603                                                                                            5
41604                                                                                            5
41605                                                                                            5
41606                                                                                            5
41607                                                                                            5
41612                                                                                            5
41615                                                                                            5
41616                                                                                            5
41619                                                                                            5
41621                                                                                            5
41622                                                                                            5
41630                                                                                            5
41631                                                                                            5
41632                                                                                            5
41635                                                                                            5
41636                                                                                            5
41640                                                                                            5
41642                                                                                            5
41643                                                                                            5
41645                                                                                            5
41647                                                                                            5
41649                                                                                            5
41650                                                                                            5
41653                                                                                            5
41655                                                                                            5
41659                                                                                            5
41660                                                                                            5
41663                                                                                            5
41666                                                                                            5
41667                                                                                            5
41669                                                                                            5
41701                                                                                            5
41712                                                                                            5
41713                                                                                            5
41714                                                                                            5
41719                                                                                            5
41721                                                                                            5
41722                                                                                            5
41723                                                                                            5
41725                                                                                            5
41727                                                                                            5
41729                                                                                            5
41731                                                                                            5
41735                                                                                            5
41739                                                                                            5
41740                                                                                            5
41745                                                                                            5
41746                                                                                            5
41749                                                                                            5
41751                                                                                            5
41754                                                                                            5
41759                                                                                            5
41760                                                                                            5
41762                                                                                            5
41763                                                                                            5
41764                                                                                            5
41766                                                                                            5
41772                                                                                            5
41773                                                                                            5
41774                                                                                            5
41775                                                                                            5
41776                                                                                            5
41777                                                                                            5
41804                                                                                            5
41810                                                                                            5
41812                                                                                            5
41815                                                                                            5
41817                                                                                            5
41819                                                                                            5
41821                                                                                            5
41822                                                                                            5
41824                                                                                            5
41825                                                                                            5
41826                                                                                            5
41828                                                                                            5
41831                                                                                            5
41832                                                                                            5
41833                                                                                            5
41834                                                                                            5
41835                                                                                            5
41836                                                                                            5
41837                                                                                            5
41838                                                                                            5
41839                                                                                            5
41840                                                                                            5
41843                                                                                            5
41844                                                                                            5
41845                                                                                            5
41847                                                                                            5
41848                                                                                            5
41849                                                                                            5
41855                                                                                            5
41858                                                                                            5
41859                                                                                            5
41861                                                                                            5
41862                                                                                            5
42001                                                                                            1
42003                                                                                            1
42020                                                                                            1
42021                                                                                            1
42022                                                                                            1
42023                                                                                            1
42024                                                                                            1
42025                                                                                            1
42027                                                                                            1
42028                                                                                            1
42029                                                                                            1
42031                                                                                            1
42032                                                                                            1
42035                                                                                            1
42036                                                                                            1
42037                                                                                            1
42038                                                                                            1
42039                                                                                            1
42040                                                                                            1
42041                                                                                            1
42044                                                                                            1
42045                                                                                            1
42047                                                                                            1
42048                                                                                            1
42049                                                                                            1
42050                                                                                            1
42051                                                                                            1
42053                                                                                            1
42054                                                                                            1
42055                                                                                            1
42056                                                                                            1
42058                                                                                            1
42060                                                                                            1
42061                                                                                            1
42064                                                                                            1
42066                                                                                            1
42069                                                                                            1
42071                                                                                            1
42076                                                                                            1
42078                                                                                            1
42079                                                                                            1
42081                                                                                            1
42082                                                                                            1
42083                                                                                            1
42084                                                                                            1
42085                                                                                            1
42086                                                                                            1
42087                                                                                            1
42088                                                                                            1
42101                                                                                            2
42102                                                                                            2
42103                                                                                            2
42104                                                                                          1,2
42120                                                                                            1
42122                                                                                          1,2
42123                                                                                            2
42124                                                                                            1
42127                                                                                            2
42129                                                                                            1
42130                                                                                            2
42133                                                                                          1,2
42134                                                                                            1
42140                                                                                            1
42141                                                                                            2
42151                                                                                            1
42153                                                                                            1
42154                                                                                          1,2
42156                                                                                            2
42157                                                                                            1
42159                                                                                            2
42160                                                                                            2
42163                                                                                            2
42164                                                                                            1
42166                                                                                          1,2
42167                                                                                            1
42170                                                                                          1,2
42171                                                                                            2
42202                                                                                            1
42204                                                                                            1
42206                                                                                          1,2
42207                                                                                            2
42210                                                                                            2
42211                                                                                            1
42214                                                                                          1,2
42215                                                                                            1
42217                                                                                            1
42220                                                                                            1
42223                                                                                            1
42232                                                                                            1
42234                                                                                            1
42236                                                                                            1
42240                                                                                            1
42254                                                                                            1
42256                                                                                          1,2
42259                                                                                            2
42261                                                                                            2
42262                                                                                            1
42265                                                                                            1
42266                                                                                            1
42273                                                                                            2
42274                                                                                          1,2
42275                                                                                            2
42276                                                                                            1
42280                                                                                            1
42285                                                                                            2
42286                                                                                            1
42301                                                                                          1,2
42303                                                                                            2
42320                                                                                          1,2
42321                                                                                            1
42322                                                                                            1
42323                                                                                            1
42324                                                                                            1
42325                                                                                            1
42326                                                                                            1
42327                                                                                          1,2
42328                                                                                            1
42330                                                                                            1
42332                                                                                            1
42333                                                                                          1,2
42337                                                                                            1
42338                                                                                            1
42339                                                                                          1,2
42343                                                                                          1,2
42344                                                                                            1
42345                                                                                            1
42347                                                                                            1
42348                                                                                            2
42349                                                                                          1,2
42350                                                                                            1
42351                                                                                            2
42352                                                                                            1
42354                                                                                            1
42355                                                                                            2
42356                                                                                            2
42361                                                                                          1,2
42366                                                                                          1,2
42367                                                                                            1
42368                                                                                          1,2
42369                                                                                            1
42370                                                                                            1
42371                                                                                            1
42372                                                                                            1
42374                                                                                            1
42376                                                                                          1,2
42378                                                                                          1,2
42404                                                                                            1
42406                                                                                            1
42408                                                                                            1
42409                                                                                            1
42410                                                                                            1
42411                                                                                            1
42413                                                                                            1
42420                                                                                            1
42431                                                                                            1
42436                                                                                            1
42437                                                                                            1
42440                                                                                            1
42441                                                                                            1
42442                                                                                            1
42445                                                                                            1
42450                                                                                            1
42451                                                                                            1
42452                                                                                            1
42453                                                                                            1
42455                                                                                            1
42456                                                                                            1
42458                                                                                            1
42459                                                                                            1
42461                                                                                            1
42462                                                                                            1
42463                                                                                            1
42464                                                                                            1
42501                                                                                            5
42503                                                                                            5
42516                                                                                            1
42518                                                                                            5
42519                                                                                            5
42528                                                                                            1
42533                                                                                            5
42539                                                                                            1
42541                                                                                            1
42544                                                                                          1,5
42553                                                                                            5
42565                                                                                            1
42566                                                                                            1
42567                                                                                            5
42602                                                                                          1,5
42603                                                                                            1
42629                                                                                            1
42631                                                                                            5
42633                                                                                          1,5
42634                                                                                            5
42635                                                                                            5
42638                                                                                            5
42642                                                                                          1,5
42647                                                                                            5
42649                                                                                            5
42653                                                                                            5
42701                                                                                            2
42712                                                                                            2
42713                                                                                            2
42715                                                                                            1
42716                                                                                          1,2
42717                                                                                            1
42718                                                                                          1,2
42721                                                                                            2
42722                                                                                            2
42724                                                                                            2
42726                                                                                            2
42728                                                                                            1
42729                                                                                            2
42731                                                                                            1
42732                                                                                            2
42733                                                                                            1
42740                                                                                            2
42741                                                                                            1
42743                                                                                          1,2
42746                                                                                          1,2
42748                                                                                            2
42749                                                                                          1,2
42753                                                                                            1
42754                                                                                            2
42757                                                                                            2
42758                                                                                            1
42762                                                                                            2
42764                                                                                            2
42765                                                                                            2
42776                                                                                            2
42782                                                                                            2
42784                                                                                            2
42788                                                                                            2


---------------------------------------------------------------------------------------------------

User Note:
Where the boundary of a congressional district for the 113th Congress splits a Census 2010 block,
the Census Bureau's maps and TIGER/Line files depict the correct location of the boundary.
For data tabulation purposes, split blocks are allocated in their entirety to the
113th Congressional District specified to the Census Bureau by the state. The following
list provides all the 113th Congressional Districts that split census blocks and shows
the congressional district where the block is allocated for data tabulation.

                                   CD's
County      County  Tract   Block  in      CD Data
Name        Code    Code    Code   Block   Tabulation

Harrison    097     950100  1068   4,6     4
                            1070   4,6     4
                    950400  2024   4,6     6
                            2032   4,6     6
Jefferson   111     010316  1013   3,4     4
                            1021   3,4     4
                            1022   3,4     4
                            2011   3,4     4
                            2018   3,4     4
                    011603  3002   3,4     3
                            3037   3,4     3
Jessamine   113     060400  1023   2,6     6
                            4007   2,6     2
                            4015   2,6     2
                            4026   2,6     2
                    060600  2000   2,6     6
Spencer     215     080102  1010   2,4     4
                            2025   2,4     4
Washington  229     930300  2017   1,2     2
                            2027   1,2     1
                            2034   1,2     2
                            2036   1,2     1
                            2069   1,2     2
