MARYLAND CONGRESSIONAL DISTRICTS BY ZIP CODE TABULATION AREA (ZCTA)

ZCTA                                                                        Congressional District

20601                                                                                            5
20602                                                                                            5
20603                                                                                            5
20606                                                                                            5
20607                                                                                            5
20608                                                                                            5
20609                                                                                            5
20611                                                                                            5
20612                                                                                            5
20613                                                                                            5
20615                                                                                            5
20616                                                                                            5
20617                                                                                            5
20618                                                                                            5
20619                                                                                            5
20620                                                                                            5
20621                                                                                            5
20622                                                                                            5
20623                                                                                            5
20624                                                                                            5
20625                                                                                            5
20626                                                                                            5
20628                                                                                            5
20629                                                                                            5
20630                                                                                            5
20632                                                                                            5
20634                                                                                            5
20636                                                                                            5
20637                                                                                            5
20639                                                                                            5
20640                                                                                            5
20645                                                                                            5
20646                                                                                            5
20650                                                                                            5
20653                                                                                            5
20657                                                                                            5
20658                                                                                            5
20659                                                                                            5
20660                                                                                            5
20662                                                                                            5
20664                                                                                            5
20667                                                                                            5
20670                                                                                            5
20674                                                                                            5
20675                                                                                            5
20676                                                                                            5
20677                                                                                            5
20678                                                                                            5
20680                                                                                            5
20684                                                                                            5
20685                                                                                            5
20686                                                                                            5
20687                                                                                            5
20688                                                                                            5
20689                                                                                            5
20690                                                                                            5
20692                                                                                            5
20693                                                                                            5
20695                                                                                            5
20701                                                                                            2
20705                                                                                          3-5
20706                                                                                          4,5
20707                                                                                          3-5
20708                                                                                          4,5
20710                                                                                            4
20711                                                                                            5
20712                                                                                            4
20714                                                                                            5
20715                                                                                            5
20716                                                                                            5
20720                                                                                          4,5
20721                                                                                          4,5
20722                                                                                            4
20723                                                                                          2,3
20724                                                                                          2-4
20732                                                                                            5
20733                                                                                            5
20735                                                                                          4,5
20736                                                                                            5
20737                                                                                          4,5
20740                                                                                          4,5
20742                                                                                            5
20743                                                                                            4
20744                                                                                          4,5
20745                                                                                            4
20746                                                                                          4,5
20747                                                                                            4
20748                                                                                          4,5
20751                                                                                            5
20754                                                                                            5
20755                                                                                          2,3
20758                                                                                            5
20759                                                                                            3
20762                                                                                          4,5
20763                                                                                            2
20764                                                                                            5
20765                                                                                            5
20769                                                                                          4,5
20770                                                                                            5
20772                                                                                          4,5
20774                                                                                          4,5
20776                                                                                            5
20777                                                                                          3,7
20778                                                                                            5
20779                                                                                            5
20781                                                                                          4,5
20782                                                                                          4,5
20783                                                                                          4,5
20784                                                                                          4,5
20785                                                                                            4
20794                                                                                            2
20812                                                                                            8
20814                                                                                            8
20815                                                                                            8
20816                                                                                            8
20817                                                                                          6,8
20818                                                                                            8
20832                                                                                            3
20833                                                                                        3,7,8
20837                                                                                            6
20838                                                                                            6
20839                                                                                            6
20841                                                                                            6
20842                                                                                            6
20850                                                                                          6,8
20851                                                                                          6,8
20852                                                                                            8
20853                                                                                        3,6,8
20854                                                                                          6,8
20855                                                                                          6,8
20860                                                                                            3
20861                                                                                            3
20862                                                                                            3
20866                                                                                            3
20868                                                                                            3
20871                                                                                          6,8
20872                                                                                          6,8
20874                                                                                            6
20876                                                                                            6
20877                                                                                          6,8
20878                                                                                          6,8
20879                                                                                            6
20880                                                                                            6
20882                                                                                        3,6,8
20886                                                                                            6
20895                                                                                            8
20896                                                                                            8
20899                                                                                            6
20901                                                                                          3,8
20902                                                                                            8
20903                                                                                        3,4,8
20904                                                                                        3,4,8
20905                                                                                          3,8
20906                                                                                        3,6,8
20910                                                                                            8
20912                                                                                          4,8
21001                                                                                          1,2
21005                                                                                            2
21009                                                                                          1,2
21010                                                                                            2
21012                                                                                          3,4
21013                                                                                          1,7
21014                                                                                            1
21015                                                                                          1,2
21017                                                                                            2
21028                                                                                            1
21029                                                                                          3,7
21030                                                                                        1,2,7
21031                                                                                          2,7
21032                                                                                            4
21034                                                                                            1
21035                                                                                          4,5
21036                                                                                            7
21037                                                                                          3-5
21040                                                                                          1,2
21042                                                                                            7
21043                                                                                        2,3,7
21044                                                                                          3,7
21045                                                                                          3,7
21046                                                                                            3
21047                                                                                            1
21048                                                                                          1,8
21050                                                                                            1
21051                                                                                            7
21052                                                                                            2
21053                                                                                            1
21054                                                                                          4,5
21056                                                                                            3
21057                                                                                        1,2,7
21060                                                                                          2,3
21061                                                                                          2-4
21071                                                                                            2
21074                                                                                          1,7
21075                                                                                        2,3,7
21076                                                                                          2,3
21077                                                                                          2,3
21078                                                                                          1,2
21082                                                                                          1,7
21084                                                                                            1
21085                                                                                          1,2
21087                                                                                            1
21090                                                                                          2,3
21093                                                                                        2,3,7
21102                                                                                          1,7
21104                                                                                          7,8
21105                                                                                            1
21108                                                                                          3,4
21111                                                                                          1,7
21113                                                                                          2-5
21114                                                                                          4,5
21117                                                                                        2,3,7
21120                                                                                          1,7
21122                                                                                          3,4
21128                                                                                          1,2
21130                                                                                            2
21131                                                                                          1,7
21132                                                                                            1
21133                                                                                          2,7
21136                                                                                        1,2,7
21140                                                                                            4
21144                                                                                          2-4
21146                                                                                            4
21152                                                                                            7
21153                                                                                            3
21154                                                                                            1
21155                                                                                          1,7
21156                                                                                            1
21157                                                                                          1,8
21158                                                                                          1,8
21160                                                                                            1
21161                                                                                          1,7
21162                                                                                          1,2
21163                                                                                          2,7
21201                                                                                          3,7
21202                                                                                          3,7
21204                                                                                          2,3
21205                                                                                          3,7
21206                                                                                          2,3
21207                                                                                            7
21208                                                                                        2,3,7
21209                                                                                          3,7
21210                                                                                          3,7
21211                                                                                          3,7
21212                                                                                        2,3,7
21213                                                                                        2,3,7
21214                                                                                        2,3,7
21215                                                                                          3,7
21216                                                                                            7
21217                                                                                            7
21218                                                                                          3,7
21219                                                                                            2
21220                                                                                            2
21221                                                                                            2
21222                                                                                            2
21223                                                                                          3,7
21224                                                                                        2,3,7
21225                                                                                          2,3
21226                                                                                          2,3
21227                                                                                        2,3,7
21228                                                                                            7
21229                                                                                          3,7
21230                                                                                        2,3,7
21231                                                                                        2,3,7
21234                                                                                          1-3
21236                                                                                          1-3
21237                                                                                          2,3
21239                                                                                        2,3,7
21240                                                                                          2,3
21244                                                                                          2,7
21250                                                                                            7
21251                                                                                            7
21252                                                                                          2,3
21286                                                                                          1,2
21401                                                                                          3,4
21402                                                                                            3
21403                                                                                            3
21405                                                                                            4
21409                                                                                          3,4
21502                                                                                            6
21520                                                                                            6
21521                                                                                            6
21522                                                                                            6
21523                                                                                            6
21524                                                                                            6
21529                                                                                            6
21530                                                                                            6
21531                                                                                            6
21532                                                                                            6
21536                                                                                            6
21538                                                                                            6
21539                                                                                            6
21540                                                                                            6
21541                                                                                            6
21542                                                                                            6
21543                                                                                            6
21545                                                                                            6
21550                                                                                            6
21555                                                                                            6
21557                                                                                            6
21561                                                                                            6
21562                                                                                            6
21601                                                                                            1
21607                                                                                            1
21610                                                                                            1
21612                                                                                            1
21613                                                                                            1
21617                                                                                            1
21619                                                                                            1
21620                                                                                            1
21622                                                                                            1
21623                                                                                            1
21624                                                                                            1
21625                                                                                            1
21626                                                                                            1
21627                                                                                            1
21628                                                                                            1
21629                                                                                            1
21631                                                                                            1
21632                                                                                            1
21634                                                                                            1
21635                                                                                            1
21636                                                                                            1
21638                                                                                            1
21639                                                                                            1
21640                                                                                            1
21641                                                                                            1
21643                                                                                            1
21644                                                                                            1
21645                                                                                            1
21647                                                                                            1
21648                                                                                            1
21649                                                                                            1
21650                                                                                            1
21651                                                                                            1
21652                                                                                            1
21653                                                                                            1
21654                                                                                            1
21655                                                                                            1
21657                                                                                            1
21658                                                                                            1
21659                                                                                            1
21660                                                                                            1
21661                                                                                            1
21662                                                                                            1
21663                                                                                            1
21664                                                                                            1
21665                                                                                            1
21666                                                                                            1
21667                                                                                            1
21668                                                                                            1
21669                                                                                            1
21671                                                                                            1
21672                                                                                            1
21673                                                                                            1
21675                                                                                            1
21676                                                                                            1
21677                                                                                            1
21678                                                                                            1
21679                                                                                            1
21701                                                                                          6,8
21702                                                                                          6,8
21703                                                                                          6,8
21704                                                                                          6,8
21705                                                                                            6
21710                                                                                            6
21711                                                                                            6
21713                                                                                            6
21714                                                                                            8
21716                                                                                            6
21717                                                                                            6
21718                                                                                            8
21719                                                                                          6,8
21722                                                                                            6
21723                                                                                            7
21727                                                                                            8
21733                                                                                            6
21734                                                                                            6
21737                                                                                            7
21738                                                                                            7
21740                                                                                            6
21742                                                                                            6
21746                                                                                            6
21750                                                                                            6
21754                                                                                          6,8
21755                                                                                          6,8
21756                                                                                            6
21757                                                                                          1,8
21758                                                                                          6,8
21762                                                                                            8
21766                                                                                            6
21767                                                                                            6
21769                                                                                          6,8
21770                                                                                            8
21771                                                                                          7,8
21773                                                                                            8
21774                                                                                          6,8
21776                                                                                            8
21777                                                                                            6
21778                                                                                            8
21779                                                                                            6
21780                                                                                          6,8
21781                                                                                            6
21782                                                                                            6
21783                                                                                          6,8
21784                                                                                        1,7,8
21787                                                                                          1,8
21788                                                                                            8
21790                                                                                            6
21791                                                                                          1,8
21793                                                                                            8
21794                                                                                            7
21795                                                                                            6
21797                                                                                          7,8
21798                                                                                            8
21801                                                                                            1
21802                                                                                            1
21804                                                                                            1
21810                                                                                            1
21811                                                                                            1
21813                                                                                            1
21814                                                                                            1
21817                                                                                            1
21821                                                                                            1
21822                                                                                            1
21824                                                                                            1
21826                                                                                            1
21829                                                                                            1
21830                                                                                            1
21835                                                                                            1
21837                                                                                            1
21838                                                                                            1
21840                                                                                            1
21841                                                                                            1
21842                                                                                            1
21849                                                                                            1
21850                                                                                            1
21851                                                                                            1
21853                                                                                            1
21856                                                                                            1
21861                                                                                            1
21862                                                                                            1
21863                                                                                            1
21864                                                                                            1
21865                                                                                            1
21866                                                                                            1
21867                                                                                            1
21869                                                                                            1
21871                                                                                            1
21872                                                                                            1
21874                                                                                            1
21875                                                                                            1
21890                                                                                            1
21901                                                                                            1
21902                                                                                            1
21903                                                                                            1
21904                                                                                            1
21911                                                                                            1
21912                                                                                            1
21913                                                                                            1
21914                                                                                            1
21915                                                                                            1
21916                                                                                            1
21917                                                                                            1
21918                                                                                            1
21919                                                                                            1
21920                                                                                            1
21921                                                                                            1
21930                                                                                            1
