MASSACHUSETTS CONGRESSIONAL DISTRICTS BY ZIP CODE TABULATION AREA (ZCTA)

ZCTA                                                                        Congressional District

01001                                                                                            1
01002                                                                                            2
01003                                                                                            2
01005                                                                                            2
01007                                                                                            2
01008                                                                                            1
01009                                                                                            1
01010                                                                                            1
01011                                                                                            1
01012                                                                                            1
01013                                                                                            1
01020                                                                                            1
01022                                                                                            1
01026                                                                                            1
01027                                                                                            1
01028                                                                                            1
01029                                                                                            1
01030                                                                                            1
01031                                                                                            2
01032                                                                                            1
01033                                                                                            1
01034                                                                                            1
01035                                                                                            2
01036                                                                                            1
01037                                                                                            2
01038                                                                                            2
01039                                                                                          1,2
01040                                                                                            1
01050                                                                                            1
01053                                                                                            2
01054                                                                                            2
01056                                                                                            1
01057                                                                                            1
01060                                                                                            2
01062                                                                                            2
01063                                                                                            2
01066                                                                                            2
01068                                                                                            2
01069                                                                                          1,2
01070                                                                                            1
01071                                                                                            1
01072                                                                                            2
01073                                                                                            1
01074                                                                                            2
01075                                                                                            1
01077                                                                                            1
01079                                                                                            1
01080                                                                                            1
01081                                                                                            1
01082                                                                                            2
01083                                                                                            1
01084                                                                                            1
01085                                                                                            1
01086                                                                                            1
01088                                                                                            2
01089                                                                                            1
01092                                                                                            1
01093                                                                                            2
01094                                                                                            2
01095                                                                                            1
01096                                                                                            1
01097                                                                                            1
01098                                                                                            1
01103                                                                                            1
01104                                                                                            1
01105                                                                                            1
01106                                                                                            1
01107                                                                                            1
01108                                                                                            1
01109                                                                                            1
01118                                                                                            1
01119                                                                                            1
01128                                                                                            1
01129                                                                                            1
01151                                                                                            1
01199                                                                                            1
01201                                                                                            1
01220                                                                                            1
01222                                                                                            1
01223                                                                                            1
01224                                                                                            1
01225                                                                                            1
01226                                                                                            1
01229                                                                                            1
01230                                                                                            1
01235                                                                                            1
01236                                                                                            1
01237                                                                                            1
01238                                                                                            1
01240                                                                                            1
01242                                                                                            1
01243                                                                                            1
01244                                                                                            1
01245                                                                                            1
01247                                                                                            1
01253                                                                                            1
01254                                                                                            1
01255                                                                                            1
01256                                                                                            1
01257                                                                                            1
01258                                                                                            1
01259                                                                                            1
01260                                                                                            1
01262                                                                                            1
01264                                                                                            1
01266                                                                                            1
01267                                                                                            1
01270                                                                                            1
01301                                                                                          1,2
01330                                                                                            1
01331                                                                                            2
01337                                                                                            1
01338                                                                                            1
01339                                                                                            1
01340                                                                                            1
01341                                                                                            1
01342                                                                                            2
01343                                                                                            1
01344                                                                                            2
01346                                                                                            1
01347                                                                                            2
01349                                                                                            2
01350                                                                                            1
01351                                                                                            2
01354                                                                                            2
01355                                                                                            2
01360                                                                                            2
01364                                                                                            2
01366                                                                                            2
01367                                                                                            1
01368                                                                                            2
01370                                                                                          1,2
01373                                                                                            2
01375                                                                                            2
01376                                                                                            2
01378                                                                                            2
01379                                                                                            2
01420                                                                                          2,3
01430                                                                                            3
01431                                                                                            3
01432                                                                                            3
01434                                                                                            3
01436                                                                                            2
01438                                                                                            2
01440                                                                                          2,3
01450                                                                                            3
01451                                                                                            3
01452                                                                                            2
01453                                                                                          2,3
01460                                                                                            3
01462                                                                                            3
01463                                                                                            3
01464                                                                                            3
01467                                                                                            3
01468                                                                                            2
01469                                                                                            3
01473                                                                                            3
01474                                                                                            3
01475                                                                                          2,3
01501                                                                                            2
01503                                                                                            3
01504                                                                                            2
01505                                                                                            2
01506                                                                                            1
01507                                                                                            1
01510                                                                                            3
01515                                                                                            1
01516                                                                                            2
01518                                                                                            1
01519                                                                                            2
01520                                                                                            2
01521                                                                                            1
01522                                                                                            2
01523                                                                                            3
01524                                                                                            2
01525                                                                                            2
01527                                                                                            2
01529                                                                                            2
01531                                                                                            2
01532                                                                                            2
01534                                                                                            2
01535                                                                                            2
01536                                                                                            2
01537                                                                                            2
01540                                                                                            2
01541                                                                                            2
01542                                                                                            2
01543                                                                                            2
01545                                                                                            2
01550                                                                                            1
01560                                                                                            2
01561                                                                                            3
01562                                                                                            2
01564                                                                                            2
01566                                                                                            1
01568                                                                                            2
01569                                                                                            2
01570                                                                                            2
01571                                                                                            1
01581                                                                                          2,5
01583                                                                                            2
01585                                                                                          1,2
01588                                                                                            2
01590                                                                                            2
01602                                                                                            2
01603                                                                                            2
01604                                                                                            2
01605                                                                                            2
01606                                                                                            2
01607                                                                                            2
01608                                                                                            2
01609                                                                                            2
01610                                                                                            2
01611                                                                                            2
01612                                                                                            2
01701                                                                                            5
01702                                                                                            5
01718                                                                                            3
01719                                                                                            3
01720                                                                                            3
01721                                                                                            5
01730                                                                                          5,6
01731                                                                                          5,6
01740                                                                                            3
01741                                                                                            3
01742                                                                                            3
01745                                                                                            5
01746                                                                                            5
01747                                                                                            4
01748                                                                                            4
01749                                                                                            3
01752                                                                                            3
01754                                                                                            3
01756                                                                                            2
01757                                                                                          2,4
01760                                                                                            5
01770                                                                                            5
01772                                                                                            5
01773                                                                                          3,5
01775                                                                                            3
01776                                                                                          3,5
01778                                                                                            5
01801                                                                                          5,6
01803                                                                                            6
01810                                                                                          3,6
01821                                                                                            6
01824                                                                                            3
01826                                                                                            3
01827                                                                                            3
01830                                                                                            3
01832                                                                                            3
01833                                                                                            6
01834                                                                                            6
01835                                                                                            3
01840                                                                                            3
01841                                                                                            3
01843                                                                                            3
01844                                                                                            3
01845                                                                                            6
01850                                                                                            3
01851                                                                                            3
01852                                                                                            3
01854                                                                                            3
01860                                                                                            6
01862                                                                                            6
01863                                                                                            3
01864                                                                                            6
01867                                                                                            6
01876                                                                                            6
01879                                                                                            3
01880                                                                                            6
01886                                                                                            3
01887                                                                                            6
01890                                                                                            5
01901                                                                                            6
01902                                                                                            6
01904                                                                                            6
01905                                                                                            6
01906                                                                                            6
01907                                                                                            6
01908                                                                                            6
01913                                                                                            6
01915                                                                                            6
01921                                                                                            6
01922                                                                                            6
01923                                                                                            6
01929                                                                                            6
01930                                                                                            6
01937                                                                                            6
01938                                                                                            6
01940                                                                                            6
01944                                                                                            6
01945                                                                                            6
01949                                                                                            6
01950                                                                                            6
01951                                                                                            6
01952                                                                                            6
01960                                                                                            6
01966                                                                                            6
01969                                                                                            6
01970                                                                                            6
01982                                                                                            6
01983                                                                                            6
01984                                                                                            6
01985                                                                                            6
02019                                                                                          2,4
02021                                                                                            8
02025                                                                                            8
02026                                                                                            8
02030                                                                                            4
02032                                                                                            8
02035                                                                                            4
02038                                                                                            4
02043                                                                                            8
02045                                                                                            8
02047                                                                                            8
02048                                                                                            4
02050                                                                                          8,9
02052                                                                                            4
02053                                                                                            4
02054                                                                                            4
02056                                                                                            4
02061                                                                                            9
02062                                                                                            8
02066                                                                                            8
02067                                                                                            4
02071                                                                                          4,8
02072                                                                                          4,8
02081                                                                                          4,8
02090                                                                                            8
02093                                                                                            4
02108                                                                                            8
02109                                                                                            8
02110                                                                                          7,8
02111                                                                                            7
02113                                                                                            8
02114                                                                                            8
02115                                                                                            7
02116                                                                                            7
02118                                                                                          7,8
02119                                                                                            7
02120                                                                                            7
02121                                                                                            7
02122                                                                                          7,8
02124                                                                                          7,8
02125                                                                                          7,8
02126                                                                                            7
02127                                                                                          7,8
02128                                                                                          5,7
02129                                                                                            7
02130                                                                                          7,8
02131                                                                                          7,8
02132                                                                                          7,8
02134                                                                                            7
02135                                                                                            7
02136                                                                                          7,8
02138                                                                                          5,7
02139                                                                                          5,7
02140                                                                                          5,7
02141                                                                                          5,7
02142                                                                                            7
02143                                                                                            7
02144                                                                                            7
02145                                                                                          5,7
02148                                                                                          5,7
02149                                                                                            7
02150                                                                                            7
02151                                                                                          5,7
02152                                                                                          5,7
02155                                                                                          5,7
02163                                                                                            7
02169                                                                                            8
02170                                                                                            8
02171                                                                                            8
02176                                                                                            5
02180                                                                                            5
02184                                                                                            8
02186                                                                                          7,8
02188                                                                                            8
02189                                                                                            8
02190                                                                                            8
02191                                                                                            8
02199                                                                                            7
02203                                                                                            8
02210                                                                                            8
02215                                                                                          4,7
02301                                                                                            8
02302                                                                                            8
02322                                                                                            8
02324                                                                                            8
02330                                                                                            9
02332                                                                                            9
02333                                                                                            8
02338                                                                                            9
02339                                                                                            9
02341                                                                                            9
02343                                                                                            8
02346                                                                                            9
02347                                                                                          4,9
02351                                                                                            8
02356                                                                                            4
02357                                                                                            4
02359                                                                                            9
02360                                                                                            9
02364                                                                                            9
02366                                                                                            9
02367                                                                                            9
02368                                                                                          7,8
02370                                                                                            9
02375                                                                                            4
02379                                                                                            8
02382                                                                                            8
02420                                                                                            5
02421                                                                                            5
02445                                                                                            4
02446                                                                                            4
02451                                                                                            5
02452                                                                                            5
02453                                                                                            5
02457                                                                                            4
02458                                                                                            4
02459                                                                                            4
02460                                                                                            4
02461                                                                                            4
02462                                                                                            4
02464                                                                                            4
02465                                                                                            4
02466                                                                                            4
02467                                                                                        4,7,8
02468                                                                                            4
02472                                                                                          4,5
02474                                                                                            5
02476                                                                                            5
02478                                                                                            5
02481                                                                                            4
02482                                                                                            4
02492                                                                                            4
02493                                                                                            5
02494                                                                                            4
02532                                                                                            9
02534                                                                                            9
02535                                                                                            9
02536                                                                                            9
02537                                                                                            9
02538                                                                                            9
02539                                                                                            9
02540                                                                                            9
02542                                                                                            9
02543                                                                                            9
02553                                                                                            9
02554                                                                                            9
02556                                                                                            9
02557                                                                                            9
02558                                                                                            9
02559                                                                                            9
02561                                                                                            9
02562                                                                                            9
02563                                                                                            9
02564                                                                                            9
02568                                                                                            9
02571                                                                                            9
02575                                                                                            9
02576                                                                                            9
02584                                                                                            9
02601                                                                                            9
02630                                                                                            9
02631                                                                                            9
02632                                                                                            9
02633                                                                                            9
02635                                                                                            9
02637                                                                                            9
02638                                                                                            9
02639                                                                                            9
02641                                                                                            9
02642                                                                                            9
02643                                                                                            9
02644                                                                                            9
02645                                                                                            9
02646                                                                                            9
02647                                                                                            9
02648                                                                                            9
02649                                                                                            9
02650                                                                                            9
02651                                                                                            9
02652                                                                                            9
02653                                                                                            9
02655                                                                                            9
02657                                                                                            9
02659                                                                                            9
02660                                                                                            9
02663                                                                                            9
02664                                                                                            9
02666                                                                                            9
02667                                                                                            9
02668                                                                                            9
02669                                                                                            9
02670                                                                                            9
02671                                                                                            9
02672                                                                                            9
02673                                                                                            9
02675                                                                                            9
02702                                                                                            4
02703                                                                                            4
02713                                                                                            9
02715                                                                                            4
02717                                                                                            4
02718                                                                                            4
02719                                                                                            9
02720                                                                                          4,9
02721                                                                                          4,9
02723                                                                                          4,9
02724                                                                                            9
02725                                                                                            4
02726                                                                                            4
02738                                                                                            9
02739                                                                                            9
02740                                                                                            9
02743                                                                                            9
02744                                                                                            9
02745                                                                                            9
02746                                                                                            9
02747                                                                                            9
02748                                                                                            9
02760                                                                                            4
02762                                                                                            4
02763                                                                                            4
02764                                                                                            4
02766                                                                                            4
02767                                                                                          4,8
02769                                                                                            4
02770                                                                                            9
02771                                                                                            4
02777                                                                                            4
02779                                                                                            4
02780                                                                                            4
02790                                                                                          4,9
02791                                                                                            9
02861                                                                                            4
