MICHIGAN CONGRESSIONAL DISTRICTS BY ZIP CODE TABULATION AREA (ZCTA)

ZCTA                                                                        Congressional District

48001                                                                                           10
48002                                                                                           10
48003                                                                                           10
48005                                                                                           10
48006                                                                                           10
48009                                                                                         9,11
48014                                                                                           10
48015                                                                                            9
48017                                                                                         9,11
48021                                                                                            9
48022                                                                                           10
48023                                                                                           10
48025                                                                                         9,14
48026                                                                                            9
48027                                                                                           10
48028                                                                                           10
48030                                                                                            9
48032                                                                                           10
48033                                                                                           14
48034                                                                                         9,14
48035                                                                                            9
48036                                                                                         9,10
48038                                                                                            9
48039                                                                                           10
48040                                                                                           10
48041                                                                                           10
48042                                                                                           10
48043                                                                                            9
48044                                                                                           10
48045                                                                                         9,10
48047                                                                                           10
48048                                                                                           10
48049                                                                                           10
48050                                                                                           10
48051                                                                                           10
48054                                                                                           10
48059                                                                                           10
48060                                                                                           10
48062                                                                                           10
48063                                                                                           10
48064                                                                                           10
48065                                                                                           10
48066                                                                                            9
48067                                                                                            9
48069                                                                                            9
48070                                                                                         9,14
48071                                                                                            9
48072                                                                                            9
48073                                                                                         9,11
48074                                                                                           10
48075                                                                                           14
48076                                                                                           14
48079                                                                                           10
48080                                                                                            9
48081                                                                                            9
48082                                                                                            9
48083                                                                                           11
48084                                                                                         9,11
48085                                                                                           11
48088                                                                                            9
48089                                                                                            9
48091                                                                                            9
48092                                                                                            9
48093                                                                                            9
48094                                                                                           10
48095                                                                                           10
48096                                                                                           10
48097                                                                                           10
48098                                                                                           11
48101                                                                                           12
48103                                                                                         7,12
48104                                                                                           12
48105                                                                                         7,12
48108                                                                                         7,12
48109                                                                                           12
48111                                                                                         7,12
48114                                                                                            8
48116                                                                                            8
48117                                                                                            7
48118                                                                                            7
48120                                                                                           12
48122                                                                                        12,13
48124                                                                                           12
48125                                                                                        12,13
48126                                                                                        12,13
48127                                                                                           13
48128                                                                                           12
48130                                                                                         7,12
48131                                                                                            7
48133                                                                                            7
48134                                                                                         7,12
48135                                                                                           13
48137                                                                                          7,8
48138                                                                                           12
48139                                                                                            8
48140                                                                                            7
48141                                                                                           13
48143                                                                                            8
48144                                                                                            7
48145                                                                                            7
48146                                                                                           12
48150                                                                                           11
48152                                                                                           11
48154                                                                                           11
48157                                                                                            7
48158                                                                                            7
48159                                                                                            7
48160                                                                                            7
48161                                                                                            7
48162                                                                                            7
48164                                                                                         7,12
48165                                                                                           11
48166                                                                                            7
48167                                                                                      7,11,14
48168                                                                                         7,11
48169                                                                                          7,8
48170                                                                                      7,11,12
48173                                                                                           12
48174                                                                                        12,13
48176                                                                                         7,12
48177                                                                                            7
48178                                                                                       7,8,11
48179                                                                                            7
48180                                                                                           12
48182                                                                                            7
48183                                                                                           12
48184                                                                                        12,13
48185                                                                                           13
48186                                                                                           13
48187                                                                                           11
48188                                                                                        11,12
48189                                                                                          7,8
48190                                                                                            7
48191                                                                                            7
48192                                                                                           12
48193                                                                                           12
48195                                                                                           12
48197                                                                                         7,12
48198                                                                                           12
48201                                                                                           13
48202                                                                                           13
48203                                                                                        13,14
48204                                                                                           13
48205                                                                                           14
48206                                                                                           13
48207                                                                                        13,14
48208                                                                                           13
48209                                                                                        13,14
48210                                                                                        13,14
48211                                                                                        13,14
48212                                                                                        13,14
48213                                                                                        13,14
48214                                                                                        13,14
48215                                                                                        13,14
48216                                                                                        13,14
48217                                                                                        12,13
48218                                                                                           13
48219                                                                                           13
48220                                                                                         9,14
48221                                                                                        13,14
48223                                                                                           13
48224                                                                                           14
48225                                                                                           14
48226                                                                                        13,14
48227                                                                                        13,14
48228                                                                                           13
48229                                                                                        12,13
48230                                                                                           14
48233                                                                                           14
48234                                                                                           14
48235                                                                                        13,14
48236                                                                                         9,14
48237                                                                                         9,14
48238                                                                                        13,14
48239                                                                                           13
48240                                                                                           13
48242                                                                                           13
48243                                                                                           14
48301                                                                                         9,14
48302                                                                                         9,14
48304                                                                                         9,11
48306                                                                                         8,10
48307                                                                                            8
48309                                                                                         8,11
48310                                                                                         9,10
48312                                                                                         9,10
48313                                                                                         9,10
48314                                                                                           10
48315                                                                                           10
48316                                                                                           10
48317                                                                                           10
48320                                                                                      9,11,14
48322                                                                                           14
48323                                                                                      9,11,14
48324                                                                                        11,14
48326                                                                                      8,11,14
48327                                                                                           11
48328                                                                                        11,14
48329                                                                                         8,11
48331                                                                                           14
48334                                                                                           14
48335                                                                                        11,14
48336                                                                                        11,14
48340                                                                                           14
48341                                                                                      9,11,14
48342                                                                                           14
48346                                                                                         8,11
48348                                                                                            8
48350                                                                                            8
48353                                                                                            8
48356                                                                                           11
48357                                                                                           11
48359                                                                                         8,11
48360                                                                                            8
48362                                                                                            8
48363                                                                                            8
48367                                                                                            8
48370                                                                                            8
48371                                                                                         8,10
48374                                                                                           11
48375                                                                                           11
48377                                                                                           11
48380                                                                                         8,11
48381                                                                                           11
48382                                                                                           11
48383                                                                                           11
48386                                                                                         8,11
48390                                                                                           11
48393                                                                                           11
48397                                                                                            9
48401                                                                                           10
48411                                                                                            5
48412                                                                                           10
48413                                                                                           10
48414                                                                                            4
48415                                                                                          4,5
48416                                                                                           10
48417                                                                                            4
48418                                                                                        4,5,8
48419                                                                                           10
48420                                                                                          4,5
48421                                                                                         5,10
48422                                                                                           10
48423                                                                                         5,10
48426                                                                                           10
48427                                                                                           10
48428                                                                                         8,10
48429                                                                                          4,5
48430                                                                                          5,8
48432                                                                                           10
48433                                                                                          4,5
48434                                                                                           10
48435                                                                                           10
48436                                                                                          4,5
48437                                                                                            5
48438                                                                                         5,10
48439                                                                                          5,8
48440                                                                                           10
48441                                                                                           10
48442                                                                                       5,8,11
48444                                                                                           10
48445                                                                                           10
48446                                                                                           10
48449                                                                                          4,5
48450                                                                                           10
48451                                                                                          5,8
48453                                                                                           10
48454                                                                                           10
48455                                                                                           10
48456                                                                                           10
48457                                                                                          4,5
48458                                                                                            5
48460                                                                                            4
48461                                                                                           10
48462                                                                                       5,8,10
48463                                                                                            5
48464                                                                                         5,10
48465                                                                                           10
48466                                                                                           10
48467                                                                                           10
48468                                                                                           10
48469                                                                                           10
48470                                                                                           10
48471                                                                                           10
48472                                                                                           10
48473                                                                                            5
48475                                                                                           10
48476                                                                                            4
48502                                                                                            5
48503                                                                                            5
48504                                                                                            5
48505                                                                                            5
48506                                                                                            5
48507                                                                                            5
48509                                                                                            5
48519                                                                                            5
48529                                                                                            5
48532                                                                                            5
48551                                                                                            5
48553                                                                                            5
48554                                                                                            5
48601                                                                                          4,5
48602                                                                                            5
48603                                                                                          4,5
48604                                                                                          4,5
48607                                                                                            5
48609                                                                                            4
48610                                                                                          4,5
48611                                                                                            5
48612                                                                                            4
48613                                                                                          4,5
48614                                                                                            4
48615                                                                                            4
48616                                                                                            4
48617                                                                                            4
48618                                                                                            4
48619                                                                                            1
48621                                                                                            1
48622                                                                                            4
48623                                                                                          4,5
48624                                                                                            4
48625                                                                                            4
48626                                                                                            4
48627                                                                                            4
48628                                                                                            4
48629                                                                                            4
48630                                                                                            4
48631                                                                                            5
48632                                                                                            4
48633                                                                                            4
48634                                                                                            5
48635                                                                                            4
48636                                                                                            1
48637                                                                                            4
48638                                                                                            5
48640                                                                                            4
48642                                                                                          4,5
48647                                                                                            1
48649                                                                                            4
48650                                                                                            5
48651                                                                                            4
48652                                                                                          4,5
48653                                                                                          1,4
48654                                                                                          1,4
48655                                                                                            4
48656                                                                                            4
48657                                                                                            4
48658                                                                                            5
48659                                                                                            5
48661                                                                                            4
48662                                                                                            4
48667                                                                                            4
48701                                                                                           10
48703                                                                                            5
48705                                                                                            1
48706                                                                                            5
48708                                                                                            5
48710                                                                                            5
48720                                                                                           10
48721                                                                                            1
48722                                                                                          4,5
48723                                                                                           10
48724                                                                                            5
48725                                                                                           10
48726                                                                                           10
48727                                                                                           10
48728                                                                                            1
48729                                                                                           10
48730                                                                                            5
48731                                                                                           10
48732                                                                                            5
48733                                                                                         5,10
48734                                                                                          4,5
48735                                                                                           10
48737                                                                                          1,5
48738                                                                                          1,5
48739                                                                                          4,5
48740                                                                                            1
48741                                                                                           10
48742                                                                                            1
48743                                                                                            5
48744                                                                                           10
48745                                                                                          1,5
48746                                                                                         5,10
48747                                                                                            5
48748                                                                                            5
48749                                                                                            5
48750                                                                                          1,5
48754                                                                                           10
48755                                                                                           10
48756                                                                                            4
48757                                                                                         5,10
48759                                                                                           10
48760                                                                                           10
48761                                                                                        1,4,5
48762                                                                                            1
48763                                                                                            5
48765                                                                                            5
48766                                                                                            5
48767                                                                                           10
48768                                                                                         5,10
48770                                                                                            5
48801                                                                                            4
48806                                                                                            4
48807                                                                                            4
48808                                                                                            4
48809                                                                                          3,4
48811                                                                                            4
48813                                                                                          3,7
48815                                                                                            3
48816                                                                                            8
48817                                                                                            4
48818                                                                                            4
48819                                                                                            8
48820                                                                                            4
48821                                                                                          7,8
48822                                                                                            4
48823                                                                                          4,8
48825                                                                                            8
48827                                                                                          7,8
48829                                                                                            4
48831                                                                                            4
48832                                                                                            4
48834                                                                                          3,4
48835                                                                                            4
48836                                                                                            8
48837                                                                                        3,4,7
48838                                                                                          3,4
48840                                                                                          4,8
48841                                                                                            4
48842                                                                                            8
48843                                                                                            8
48845                                                                                          3,4
48846                                                                                            3
48847                                                                                            4
48848                                                                                            4
48849                                                                                          3,7
48850                                                                                            4
48851                                                                                            3
48852                                                                                            4
48853                                                                                            4
48854                                                                                            8
48855                                                                                            8
48856                                                                                            4
48857                                                                                            4
48858                                                                                            4
48860                                                                                            3
48861                                                                                          3,7
48864                                                                                            8
48865                                                                                            3
48866                                                                                            4
48867                                                                                            4
48870                                                                                            3
48871                                                                                            4
48872                                                                                          4,8
48873                                                                                          3,4
48874                                                                                            4
48875                                                                                          3,4
48876                                                                                            7
48877                                                                                            4
48878                                                                                            4
48879                                                                                            4
48880                                                                                            4
48881                                                                                            3
48883                                                                                            4
48884                                                                                            4
48885                                                                                            4
48886                                                                                            4
48888                                                                                            4
48889                                                                                            4
48890                                                                                          3,7
48891                                                                                            4
48892                                                                                            8
48893                                                                                            4
48894                                                                                            4
48895                                                                                            8
48896                                                                                            4
48897                                                                                          3,7
48906                                                                                        4,7,8
48910                                                                                            8
48911                                                                                          7,8
48912                                                                                            8
48915                                                                                            8
48917                                                                                          7,8
48921                                                                                            8
48933                                                                                            8
49001                                                                                            6
49002                                                                                            6
49004                                                                                            6
49006                                                                                            6
49007                                                                                            6
49008                                                                                            6
49009                                                                                            6
49010                                                                                            6
49011                                                                                        3,6,7
49012                                                                                          3,6
49013                                                                                            6
49014                                                                                            3
49015                                                                                            3
49017                                                                                            3
49021                                                                                          3,7
49022                                                                                            6
49024                                                                                            6
49026                                                                                            6
49027                                                                                            6
49028                                                                                            7
49029                                                                                            3
49030                                                                                          6,7
49031                                                                                            6
49032                                                                                            6
49033                                                                                            3
49034                                                                                          3,6
49036                                                                                            7
49037                                                                                            3
49038                                                                                            6
49040                                                                                          6,7
49042                                                                                            6
49043                                                                                            6
49045                                                                                            6
49046                                                                                            3
49047                                                                                            6
49048                                                                                            6
49050                                                                                            3
49051                                                                                            3
49052                                                                                          3,6
49053                                                                                            6
49055                                                                                            6
49056                                                                                            6
49057                                                                                            6
49058                                                                                            3
49060                                                                                          3,6
49061                                                                                            6
49064                                                                                            6
49065                                                                                            6
49066                                                                                            6
49067                                                                                            6
49068                                                                                            3
49070                                                                                            6
49071                                                                                            6
49072                                                                                            6
49073                                                                                          3,7
49074                                                                                            6
49075                                                                                            6
49076                                                                                          3,7
49078                                                                                            6
49079                                                                                            6
49080                                                                                          3,6
49082                                                                                            7
49083                                                                                          3,6
49084                                                                                            6
49085                                                                                            6
49087                                                                                            6
49088                                                                                            6
49089                                                                                            7
49090                                                                                            6
49091                                                                                            6
49092                                                                                          3,7
49093                                                                                            6
49094                                                                                          3,7
49095                                                                                            6
49096                                                                                            7
49097                                                                                            6
49098                                                                                            6
49099                                                                                            6
49101                                                                                            6
49102                                                                                            6
49103                                                                                            6
49104                                                                                            6
49106                                                                                            6
49107                                                                                            6
49111                                                                                            6
49112                                                                                            6
49113                                                                                            6
49115                                                                                            6
49116                                                                                            6
49117                                                                                            6
49119                                                                                            6
49120                                                                                            6
49125                                                                                            6
49126                                                                                            6
49127                                                                                            6
49128                                                                                            6
49129                                                                                            6
49130                                                                                            6
49201                                                                                            7
49202                                                                                            7
49203                                                                                            7
49220                                                                                            7
49221                                                                                            7
49224                                                                                          3,7
49227                                                                                            7
49228                                                                                            7
49229                                                                                            7
49230                                                                                            7
49232                                                                                            7
49233                                                                                            7
49234                                                                                            7
49235                                                                                            7
49236                                                                                            7
49237                                                                                          3,7
49238                                                                                            7
49240                                                                                            7
49241                                                                                            7
49242                                                                                            7
49245                                                                                          3,7
49246                                                                                            7
49247                                                                                            7
49248                                                                                            7
49249                                                                                            7
49250                                                                                            7
49251                                                                                          7,8
49252                                                                                          3,7
49253                                                                                            7
49254                                                                                            7
49255                                                                                            7
49256                                                                                            7
49259                                                                                            7
49261                                                                                            7
49262                                                                                            7
49263                                                                                            7
49264                                                                                          7,8
49265                                                                                            7
49266                                                                                            7
49267                                                                                            7
49268                                                                                            7
49269                                                                                            7
49270                                                                                            7
49271                                                                                            7
49272                                                                                            7
49274                                                                                            7
49276                                                                                            7
49277                                                                                            7
49279                                                                                            7
49282                                                                                            7
49283                                                                                            7
49284                                                                                          3,7
49285                                                                                          7,8
49286                                                                                            7
49287                                                                                            7
49288                                                                                            7
49289                                                                                            7
49301                                                                                            3
49302                                                                                            3
49303                                                                                            2
49304                                                                                            2
49305                                                                                            4
49306                                                                                            3
49307                                                                                          2,4
49309                                                                                            2
49310                                                                                            4
49312                                                                                            2
49315                                                                                        2,3,6
49316                                                                                          3,6
49318                                                                                          2,3
49319                                                                                            3
49320                                                                                            4
49321                                                                                          2,3
49322                                                                                            4
49323                                                                                            6
49325                                                                                            3
49326                                                                                          3,4
49327                                                                                          2,3
49328                                                                                            6
49329                                                                                          2,4
49330                                                                                          2,3
49331                                                                                            3
49332                                                                                            4
49333                                                                                          3,6
49335                                                                                            6
49336                                                                                          2,4
49337                                                                                          2,4
49338                                                                                          2,4
49339                                                                                            4
49340                                                                                            4
49341                                                                                            3
49342                                                                                            4
49343                                                                                          2-4
49344                                                                                          3,6
49345                                                                                            3
49346                                                                                          2,4
49347                                                                                          3,4
49348                                                                                          3,6
49349                                                                                            2
49401                                                                                            2
49402                                                                                          1,2
49403                                                                                          2,3
49404                                                                                            2
49405                                                                                          1,2
49406                                                                                            6
49408                                                                                            6
49410                                                                                          1,2
49411                                                                                            1
49412                                                                                            2
49415                                                                                            2
49417                                                                                            2
49418                                                                                          2,3
49419                                                                                            6
49420                                                                                            2
49421                                                                                            2
49423                                                                                          2,6
49424                                                                                            2
49425                                                                                            2
49426                                                                                          2,6
49428                                                                                            2
49431                                                                                          1,2
49434                                                                                          2,6
49435                                                                                            2
49436                                                                                            2
49437                                                                                            2
49440                                                                                            2
49441                                                                                            2
49442                                                                                            2
49444                                                                                            2
49445                                                                                            2
49446                                                                                            2
49448                                                                                            2
49449                                                                                            2
49450                                                                                            6
49451                                                                                            2
49452                                                                                            2
49453                                                                                            6
49454                                                                                          1,2
49455                                                                                            2
49456                                                                                            2
49457                                                                                            2
49458                                                                                            2
49459                                                                                            2
49460                                                                                            2
49461                                                                                            2
49464                                                                                          2,6
49503                                                                                          2,3
49504                                                                                          2,3
49505                                                                                            3
49506                                                                                            3
49507                                                                                          2,3
49508                                                                                          2,3
49509                                                                                          2,3
49512                                                                                          2,3
49519                                                                                          2,3
49525                                                                                            3
49534                                                                                          2,3
49544                                                                                          2,3
49546                                                                                          2,3
49548                                                                                          2,3
49601                                                                                            4
49611                                                                                            1
49612                                                                                            1
49613                                                                                            1
49614                                                                                            1
49615                                                                                            1
49616                                                                                            1
49617                                                                                            1
49618                                                                                            4
49619                                                                                            1
49620                                                                                          1,4
49621                                                                                            1
49622                                                                                            1
49623                                                                                            2
49625                                                                                          1,4
49626                                                                                            1
49627                                                                                            1
49628                                                                                            1
49629                                                                                            1
49630                                                                                            1
49631                                                                                            4
49632                                                                                            4
49633                                                                                          1,4
49634                                                                                            1
49635                                                                                            1
49636                                                                                            1
49637                                                                                            1
49638                                                                                          1,4
49639                                                                                            4
49640                                                                                            1
49642                                                                                            2
49643                                                                                            1
49644                                                                                          1,2
49645                                                                                            1
49646                                                                                            1
49648                                                                                            1
49649                                                                                          1,4
49650                                                                                            1
49651                                                                                            4
49653                                                                                            1
49654                                                                                            1
49655                                                                                          2,4
49656                                                                                            2
49657                                                                                            4
49659                                                                                            1
49660                                                                                            1
49663                                                                                            4
49664                                                                                            1
49665                                                                                            4
49666                                                                                            1
49667                                                                                            4
49668                                                                                          1,4
49670                                                                                            1
49674                                                                                            1
49675                                                                                            1
49676                                                                                            1
49677                                                                                          2,4
49679                                                                                            4
49680                                                                                            1
49682                                                                                            1
49683                                                                                            1
49684                                                                                            1
49686                                                                                            1
49688                                                                                          2,4
49689                                                                                          1,4
49690                                                                                            1
49701                                                                                            1
49705                                                                                            1
49706                                                                                            1
49707                                                                                            1
49709                                                                                            1
49710                                                                                            1
49712                                                                                            1
49713                                                                                            1
49715                                                                                            1
49716                                                                                            1
49717                                                                                            1
49718                                                                                            1
49719                                                                                            1
49720                                                                                            1
49721                                                                                            1
49722                                                                                            1
49724                                                                                            1
49725                                                                                            1
49726                                                                                            1
49727                                                                                            1
49728                                                                                            1
49729                                                                                            1
49730                                                                                            1
49733                                                                                            1
49735                                                                                            1
49736                                                                                            1
49738                                                                                            1
49740                                                                                            1
49743                                                                                            1
49744                                                                                            1
49745                                                                                            1
49746                                                                                            1
49747                                                                                            1
49748                                                                                            1
49749                                                                                            1
49751                                                                                            1
49752                                                                                            1
49753                                                                                            1
49755                                                                                            1
49756                                                                                            1
49757                                                                                            1
49759                                                                                            1
49760                                                                                            1
49762                                                                                            1
49764                                                                                            1
49765                                                                                            1
49766                                                                                            1
49768                                                                                            1
49769                                                                                            1
49770                                                                                            1
49774                                                                                            1
49775                                                                                            1
49776                                                                                            1
49777                                                                                            1
49779                                                                                            1
49780                                                                                            1
49781                                                                                            1
49782                                                                                            1
49783                                                                                            1
49788                                                                                            1
49791                                                                                            1
49793                                                                                            1
49795                                                                                            1
49796                                                                                            1
49799                                                                                            1
49801                                                                                            1
49802                                                                                            1
49805                                                                                            1
49806                                                                                            1
49807                                                                                            1
49808                                                                                            1
49812                                                                                            1
49814                                                                                            1
49815                                                                                            1
49816                                                                                            1
49817                                                                                            1
49818                                                                                            1
49819                                                                                            1
49820                                                                                            1
49821                                                                                            1
49822                                                                                            1
49825                                                                                            1
49826                                                                                            1
49827                                                                                            1
49829                                                                                            1
49831                                                                                            1
49833                                                                                            1
49834                                                                                            1
49835                                                                                            1
49836                                                                                            1
49837                                                                                            1
49838                                                                                            1
49839                                                                                            1
49840                                                                                            1
49841                                                                                            1
49847                                                                                            1
49848                                                                                            1
49849                                                                                            1
49852                                                                                            1
49853                                                                                            1
49854                                                                                            1
49855                                                                                            1
49858                                                                                            1
49861                                                                                            1
49862                                                                                            1
49863                                                                                            1
49864                                                                                            1
49866                                                                                            1
49868                                                                                            1
49870                                                                                            1
49871                                                                                            1
49872                                                                                            1
49873                                                                                            1
49874                                                                                            1
49876                                                                                            1
49877                                                                                            1
49878                                                                                            1
49879                                                                                            1
49880                                                                                            1
49881                                                                                            1
49883                                                                                            1
49884                                                                                            1
49885                                                                                            1
49886                                                                                            1
49887                                                                                            1
49891                                                                                            1
49892                                                                                            1
49893                                                                                            1
49894                                                                                            1
49895                                                                                            1
49896                                                                                            1
49901                                                                                            1
49902                                                                                            1
49903                                                                                            1
49905                                                                                            1
49908                                                                                            1
49910                                                                                            1
49911                                                                                            1
49912                                                                                            1
49913                                                                                            1
49915                                                                                            1
49916                                                                                            1
49917                                                                                            1
49918                                                                                            1
49919                                                                                            1
49920                                                                                            1
49921                                                                                            1
49922                                                                                            1
49925                                                                                            1
49927                                                                                            1
49929                                                                                            1
49930                                                                                            1
49931                                                                                            1
49934                                                                                            1
49935                                                                                            1
49938                                                                                            1
49942                                                                                            1
49945                                                                                            1
49946                                                                                            1
49947                                                                                            1
49948                                                                                            1
49950                                                                                            1
49952                                                                                            1
49953                                                                                            1
49955                                                                                            1
49958                                                                                            1
49959                                                                                            1
49960                                                                                            1
49961                                                                                            1
49962                                                                                            1
49963                                                                                            1
49965                                                                                            1
49967                                                                                            1
49968                                                                                            1
49969                                                                                            1
49970                                                                                            1
49971                                                                                            1
54540                                                                                            1
54554                                                                                            1
