MINNESOTA CONGRESSIONAL DISTRICTS BY ZIP CODE TABULATION AREA (ZCTA)

ZCTA                                                                        Congressional District

51360                                                                                            1
55001                                                                                          2,4
55003                                                                                            4
55005                                                                                            6
55006                                                                                            8
55007                                                                                            8
55008                                                                                            8
55009                                                                                            2
55011                                                                                            6
55012                                                                                            8
55013                                                                                            8
55014                                                                                            6
55016                                                                                            2
55017                                                                                            8
55018                                                                                            2
55019                                                                                          1,2
55020                                                                                            2
55021                                                                                          1,2
55024                                                                                            2
55025                                                                                          6,8
55026                                                                                            2
55027                                                                                            2
55029                                                                                            8
55030                                                                                            8
55031                                                                                            2
55032                                                                                            8
55033                                                                                            2
55036                                                                                            8
55037                                                                                            8
55038                                                                                          4,6
55040                                                                                            8
55041                                                                                            2
55042                                                                                            4
55043                                                                                            4
55044                                                                                            2
55045                                                                                            8
55046                                                                                            1
55047                                                                                            6
55049                                                                                          1,2
55051                                                                                            8
55052                                                                                            1
55053                                                                                            2
55054                                                                                            2
55055                                                                                            4
55056                                                                                            8
55057                                                                                          1,2
55060                                                                                            1
55063                                                                                            8
55065                                                                                            2
55066                                                                                            2
55068                                                                                            2
55069                                                                                            8
55070                                                                                          6,8
55071                                                                                          2,4
55072                                                                                            8
55073                                                                                          6,8
55074                                                                                            8
55075                                                                                            2
55076                                                                                            2
55077                                                                                            2
55079                                                                                          6,8
55080                                                                                            8
55082                                                                                          4,6
55084                                                                                            8
55085                                                                                            2
55087                                                                                            1
55088                                                                                          1,2
55089                                                                                            2
55090                                                                                            4
55092                                                                                          6,8
55101                                                                                            4
55102                                                                                            4
55103                                                                                            4
55104                                                                                            4
55105                                                                                            4
55106                                                                                            4
55107                                                                                            4
55108                                                                                            4
55109                                                                                            4
55110                                                                                          4,6
55111                                                                                            5
55112                                                                                          4,5
55113                                                                                            4
55114                                                                                            4
55115                                                                                            4
55116                                                                                            4
55117                                                                                            4
55118                                                                                          2,4
55119                                                                                            4
55120                                                                                            2
55121                                                                                            2
55122                                                                                            2
55123                                                                                            2
55124                                                                                            2
55125                                                                                            4
55126                                                                                          4,6
55127                                                                                            4
55128                                                                                            4
55129                                                                                            4
55130                                                                                            4
55150                                                                                            2
55155                                                                                            4
55301                                                                                            6
55302                                                                                            6
55303                                                                                            6
55304                                                                                          3,6
55305                                                                                          3,5
55306                                                                                            2
55307                                                                                            7
55308                                                                                            6
55309                                                                                            6
55310                                                                                            7
55311                                                                                            3
55312                                                                                            7
55313                                                                                            6
55314                                                                                            7
55315                                                                                            6
55316                                                                                            3
55317                                                                                            3
55318                                                                                          3,6
55319                                                                                            6
55320                                                                                            6
55321                                                                                            6
55322                                                                                            6
55324                                                                                            7
55325                                                                                            7
55327                                                                                          3,6
55328                                                                                          3,6
55329                                                                                          6,7
55330                                                                                            6
55331                                                                                            3
55332                                                                                          1,7
55333                                                                                          1,7
55334                                                                                          1,7
55335                                                                                          1,7
55336                                                                                            7
55337                                                                                            2
55338                                                                                            7
55339                                                                                          6,7
55340                                                                                            3
55341                                                                                            6
55342                                                                                            7
55343                                                                                          3,5
55344                                                                                            3
55345                                                                                            3
55346                                                                                            3
55347                                                                                            3
55349                                                                                            6
55350                                                                                            7
55352                                                                                            2
55353                                                                                          6,7
55354                                                                                            7
55355                                                                                            7
55356                                                                                            3
55357                                                                                          3,6
55358                                                                                            6
55359                                                                                            3
55360                                                                                            6
55362                                                                                            6
55363                                                                                            6
55364                                                                                            3
55366                                                                                            7
55367                                                                                            6
55368                                                                                            6
55369                                                                                            3
55370                                                                                            7
55371                                                                                          6,8
55372                                                                                            2
55373                                                                                          3,6
55374                                                                                          3,6
55375                                                                                          3,6
55376                                                                                            6
55378                                                                                            2
55379                                                                                            2
55381                                                                                            7
55382                                                                                          6,7
55384                                                                                            3
55385                                                                                            7
55386                                                                                            3
55387                                                                                          3,6
55388                                                                                          3,6
55389                                                                                          6,7
55390                                                                                            6
55391                                                                                            3
55395                                                                                          6,7
55396                                                                                            7
55397                                                                                          6,7
55398                                                                                          6,8
55401                                                                                            5
55402                                                                                            5
55403                                                                                            5
55404                                                                                            5
55405                                                                                            5
55406                                                                                            5
55407                                                                                            5
55408                                                                                            5
55409                                                                                            5
55410                                                                                            5
55411                                                                                            5
55412                                                                                            5
55413                                                                                            5
55414                                                                                            5
55415                                                                                            5
55416                                                                                            5
55417                                                                                            5
55418                                                                                          4,5
55419                                                                                            5
55420                                                                                            3
55421                                                                                            5
55422                                                                                            5
55423                                                                                          3,5
55424                                                                                            5
55425                                                                                            3
55426                                                                                          3,5
55427                                                                                            5
55428                                                                                          3,5
55429                                                                                          3,5
55430                                                                                          3,5
55431                                                                                            3
55432                                                                                          4,5
55433                                                                                            3
55434                                                                                            6
55435                                                                                            3
55436                                                                                          3,5
55437                                                                                            3
55438                                                                                            3
55439                                                                                            3
55441                                                                                          3,5
55442                                                                                            3
55443                                                                                            3
55444                                                                                          3,5
55445                                                                                            3
55446                                                                                            3
55447                                                                                            3
55448                                                                                          3,6
55449                                                                                          4,6
55450                                                                                            5
55454                                                                                            5
55455                                                                                            5
55601                                                                                            8
55602                                                                                            8
55603                                                                                            8
55604                                                                                            8
55605                                                                                            8
55606                                                                                            8
55607                                                                                            8
55609                                                                                            8
55612                                                                                            8
55613                                                                                            8
55614                                                                                            8
55615                                                                                            8
55616                                                                                            8
55702                                                                                            8
55703                                                                                            8
55704                                                                                            8
55705                                                                                            8
55706                                                                                            8
55707                                                                                            8
55708                                                                                            8
55709                                                                                            8
55710                                                                                            8
55711                                                                                            8
55712                                                                                            8
55713                                                                                            8
55716                                                                                            8
55717                                                                                            8
55718                                                                                            8
55719                                                                                            8
55720                                                                                            8
55721                                                                                            8
55722                                                                                            8
55723                                                                                            8
55724                                                                                            8
55725                                                                                            8
55726                                                                                            8
55731                                                                                            8
55732                                                                                            8
55733                                                                                            8
55734                                                                                            8
55735                                                                                            8
55736                                                                                            8
55738                                                                                            8
55741                                                                                            8
55742                                                                                            8
55744                                                                                            8
55746                                                                                            8
55748                                                                                            8
55749                                                                                            8
55750                                                                                            8
55751                                                                                            8
55752                                                                                            8
55753                                                                                            8
55756                                                                                            8
55757                                                                                            8
55758                                                                                            8
55760                                                                                            8
55763                                                                                            8
55764                                                                                            8
55765                                                                                            8
55766                                                                                            8
55767                                                                                            8
55768                                                                                            8
55769                                                                                            8
55771                                                                                            8
55772                                                                                            8
55775                                                                                            8
55779                                                                                            8
55780                                                                                            8
55781                                                                                            8
55782                                                                                            8
55783                                                                                            8
55784                                                                                            8
55785                                                                                            8
55786                                                                                            8
55787                                                                                            8
55790                                                                                            8
55792                                                                                            8
55793                                                                                            8
55795                                                                                            8
55797                                                                                            8
55798                                                                                            8
55802                                                                                            8
55803                                                                                            8
55804                                                                                            8
55805                                                                                            8
55806                                                                                            8
55807                                                                                            8
55808                                                                                            8
55810                                                                                            8
55811                                                                                            8
55812                                                                                            8
55814                                                                                            8
55901                                                                                            1
55902                                                                                            1
55904                                                                                            1
55905                                                                                            1
55906                                                                                          1,2
55909                                                                                            1
55910                                                                                          1,2
55912                                                                                            1
55917                                                                                            1
55918                                                                                            1
55919                                                                                            1
55920                                                                                            1
55921                                                                                            1
55922                                                                                            1
55923                                                                                            1
55924                                                                                            1
55925                                                                                            1
55926                                                                                            1
55927                                                                                            1
55929                                                                                            1
55931                                                                                            1
55932                                                                                          1,2
55933                                                                                            1
55934                                                                                            1
55935                                                                                            1
55936                                                                                            1
55939                                                                                            1
55940                                                                                            1
55941                                                                                            1
55943                                                                                            1
55944                                                                                            1
55945                                                                                            2
55946                                                                                            2
55947                                                                                            1
55949                                                                                            1
55950                                                                                            1
55951                                                                                            1
55952                                                                                            1
55953                                                                                            1
55954                                                                                            1
55955                                                                                            1
55956                                                                                          1,2
55957                                                                                            2
55959                                                                                            1
55960                                                                                          1,2
55961                                                                                            1
55962                                                                                            1
55963                                                                                          1,2
55964                                                                                          1,2
55965                                                                                            1
55967                                                                                            1
55968                                                                                            2
55969                                                                                            1
55970                                                                                            1
55971                                                                                            1
55972                                                                                            1
55973                                                                                            1
55974                                                                                            1
55975                                                                                            1
55976                                                                                            1
55977                                                                                            1
55979                                                                                            1
55981                                                                                            2
55982                                                                                            1
55983                                                                                            2
55985                                                                                          1,2
55987                                                                                            1
55990                                                                                            1
55991                                                                                          1,2
55992                                                                                            2
56001                                                                                            1
56003                                                                                            1
56007                                                                                            1
56009                                                                                            1
56010                                                                                            1
56011                                                                                      1,2,6,7
56013                                                                                            1
56014                                                                                            1
56016                                                                                            1
56017                                                                                            1
56019                                                                                            1
56020                                                                                            1
56021                                                                                            1
56022                                                                                            1
56023                                                                                            1
56024                                                                                            1
56025                                                                                            1
56026                                                                                            1
56027                                                                                            1
56028                                                                                            1
56029                                                                                            1
56031                                                                                            1
56032                                                                                            1
56033                                                                                            1
56034                                                                                            1
56035                                                                                            1
56036                                                                                            1
56037                                                                                            1
56039                                                                                            1
56041                                                                                            1
56042                                                                                            1
56043                                                                                            1
56044                                                                                          1,7
56045                                                                                            1
56046                                                                                            1
56047                                                                                            1
56048                                                                                            1
56050                                                                                            1
56051                                                                                            1
56052                                                                                            1
56054                                                                                          1,7
56055                                                                                            1
56056                                                                                            1
56057                                                                                            1
56058                                                                                          1,7
56060                                                                                            1
56062                                                                                            1
56063                                                                                            1
56065                                                                                            1
56068                                                                                            1
56069                                                                                            1
56071                                                                                          1,2
56072                                                                                            1
56073                                                                                            1
56074                                                                                            1
56075                                                                                            1
56078                                                                                            1
56080                                                                                            1
56081                                                                                            1
56082                                                                                            1
56083                                                                                          1,7
56085                                                                                          1,7
56087                                                                                          1,7
56088                                                                                            1
56089                                                                                            1
56090                                                                                            1
56091                                                                                            1
56093                                                                                            1
56096                                                                                            1
56097                                                                                            1
56098                                                                                            1
56101                                                                                          1,7
56110                                                                                            1
56111                                                                                            1
56113                                                                                            7
56114                                                                                            7
56115                                                                                            7
56116                                                                                            1
56117                                                                                            1
56118                                                                                            1
56119                                                                                            1
56120                                                                                            1
56121                                                                                            1
56122                                                                                          1,7
56123                                                                                            7
56125                                                                                            7
56127                                                                                            1
56128                                                                                          1,7
56129                                                                                            1
56131                                                                                          1,7
56132                                                                                            7
56134                                                                                            1
56136                                                                                            7
56137                                                                                          1,7
56138                                                                                            1
56139                                                                                            7
56140                                                                                            7
56141                                                                                          1,7
56142                                                                                            7
56143                                                                                            1
56144                                                                                          1,7
56145                                                                                          1,7
56146                                                                                            1
56147                                                                                            1
56149                                                                                            7
56150                                                                                            1
56151                                                                                            7
56152                                                                                            7
56153                                                                                            1
56155                                                                                            1
56156                                                                                            1
56157                                                                                            7
56158                                                                                            1
56159                                                                                            1
56160                                                                                            1
56161                                                                                            1
56162                                                                                            1
56164                                                                                            7
56165                                                                                            1
56166                                                                                            7
56167                                                                                            1
56168                                                                                            1
56169                                                                                            7
56170                                                                                            7
56171                                                                                            1
56172                                                                                            7
56173                                                                                            1
56174                                                                                            7
56175                                                                                            7
56176                                                                                            1
56177                                                                                            7
56178                                                                                            7
56180                                                                                            7
56181                                                                                            1
56183                                                                                            7
56185                                                                                            1
56186                                                                                            7
56187                                                                                            1
56201                                                                                            7
56207                                                                                            7
56208                                                                                            7
56209                                                                                            7
56210                                                                                            7
56211                                                                                            7
56212                                                                                            7
56214                                                                                            7
56215                                                                                            7
56216                                                                                            7
56218                                                                                            7
56219                                                                                            7
56220                                                                                            7
56221                                                                                            7
56222                                                                                            7
56223                                                                                            7
56224                                                                                            7
56225                                                                                            7
56226                                                                                            7
56227                                                                                            7
56228                                                                                            7
56229                                                                                            7
56230                                                                                            7
56231                                                                                            7
56232                                                                                            7
56235                                                                                            7
56236                                                                                            7
56237                                                                                            7
56239                                                                                            7
56240                                                                                            7
56241                                                                                            7
56243                                                                                            7
56244                                                                                            7
56245                                                                                            7
56248                                                                                            7
56249                                                                                            7
56251                                                                                            7
56252                                                                                            7
56253                                                                                            7
56255                                                                                            7
56256                                                                                            7
56257                                                                                            7
56258                                                                                            7
56260                                                                                            7
56262                                                                                            7
56263                                                                                            7
56264                                                                                            7
56265                                                                                            7
56266                                                                                          1,7
56267                                                                                            7
56270                                                                                            7
56271                                                                                            7
56273                                                                                            7
56274                                                                                            7
56276                                                                                            7
56277                                                                                            7
56278                                                                                            7
56279                                                                                            7
56280                                                                                            7
56281                                                                                            7
56282                                                                                            7
56283                                                                                            7
56284                                                                                            7
56285                                                                                            7
56287                                                                                            7
56288                                                                                            7
56289                                                                                            7
56291                                                                                            7
56292                                                                                            7
56293                                                                                            7
56294                                                                                            7
56295                                                                                            7
56296                                                                                            7
56297                                                                                            7
56301                                                                                            6
56303                                                                                            6
56304                                                                                            6
56307                                                                                          6,7
56308                                                                                            7
56309                                                                                            7
56310                                                                                          6,7
56311                                                                                            7
56312                                                                                            7
56313                                                                                            8
56314                                                                                          6,8
56315                                                                                            7
56316                                                                                            7
56318                                                                                          7,8
56319                                                                                            7
56320                                                                                            6
56321                                                                                            6
56323                                                                                            7
56324                                                                                            7
56325                                                                                            7
56326                                                                                            7
56327                                                                                            7
56328                                                                                            8
56329                                                                                          6,8
56330                                                                                          6,8
56331                                                                                            7
56332                                                                                            7
56334                                                                                            7
56335                                                                                            7
56336                                                                                            7
56338                                                                                            8
56339                                                                                            7
56340                                                                                          6-8
56342                                                                                            8
56343                                                                                            7
56345                                                                                            8
56347                                                                                            7
56349                                                                                            7
56350                                                                                            8
56352                                                                                            7
56353                                                                                            8
56354                                                                                            7
56355                                                                                            7
56356                                                                                            7
56357                                                                                          6,8
56358                                                                                            8
56359                                                                                            8
56360                                                                                            7
56361                                                                                            7
56362                                                                                          6,7
56363                                                                                            8
56364                                                                                            8
56367                                                                                            6
56368                                                                                          6,7
56369                                                                                            6
56371                                                                                            7
56373                                                                                          6,8
56374                                                                                            6
56375                                                                                            6
56376                                                                                            7
56377                                                                                            6
56378                                                                                            7
56379                                                                                            6
56381                                                                                            7
56382                                                                                          7,8
56384                                                                                            8
56385                                                                                            7
56386                                                                                            8
56387                                                                                            6
56389                                                                                            7
56401                                                                                            8
56425                                                                                            8
56431                                                                                            8
56433                                                                                            8
56434                                                                                          7,8
56435                                                                                            8
56436                                                                                            8
56437                                                                                            7
56438                                                                                            7
56440                                                                                            7
56441                                                                                            8
56442                                                                                            8
56443                                                                                          7,8
56444                                                                                            8
56446                                                                                            7
56447                                                                                            8
56448                                                                                            8
56449                                                                                            8
56450                                                                                            8
56452                                                                                            8
56453                                                                                            7
56455                                                                                            8
56456                                                                                            8
56458                                                                                            8
56461                                                                                            8
56464                                                                                          7,8
56465                                                                                            8
56466                                                                                          7,8
56467                                                                                            8
56468                                                                                            8
56469                                                                                            8
56470                                                                                          7,8
56472                                                                                            8
56473                                                                                            8
56474                                                                                            8
56475                                                                                            8
56477                                                                                          7,8
56479                                                                                          7,8
56481                                                                                          7,8
56482                                                                                          7,8
56484                                                                                            8
56501                                                                                            7
56510                                                                                            7
56511                                                                                            7
56514                                                                                            7
56515                                                                                            7
56516                                                                                            7
56517                                                                                            7
56518                                                                                            7
56519                                                                                            7
56520                                                                                            7
56521                                                                                            7
56522                                                                                            7
56523                                                                                            7
56524                                                                                            7
56525                                                                                            7
56527                                                                                            7
56528                                                                                            7
56529                                                                                            7
56531                                                                                            7
56533                                                                                            7
56534                                                                                            7
56535                                                                                            7
56536                                                                                            7
56537                                                                                            7
56540                                                                                            7
56541                                                                                            7
56542                                                                                            7
56543                                                                                            7
56544                                                                                            7
56545                                                                                            7
56546                                                                                            7
56547                                                                                            7
56548                                                                                            7
56549                                                                                            7
56550                                                                                            7
56551                                                                                            7
56552                                                                                            7
56553                                                                                            7
56554                                                                                            7
56556                                                                                            7
56557                                                                                            7
56560                                                                                            7
56565                                                                                            7
56566                                                                                            7
56567                                                                                            7
56568                                                                                            7
56569                                                                                            7
56570                                                                                            7
56571                                                                                            7
56572                                                                                            7
56573                                                                                            7
56574                                                                                            7
56575                                                                                            7
56576                                                                                            7
56577                                                                                            7
56578                                                                                            7
56579                                                                                            7
56580                                                                                            7
56581                                                                                            7
56583                                                                                            7
56584                                                                                            7
56585                                                                                            7
56586                                                                                            7
56587                                                                                            7
56588                                                                                            7
56589                                                                                            7
56590                                                                                            7
56591                                                                                            7
56592                                                                                            7
56593                                                                                            7
56594                                                                                            7
56601                                                                                          7,8
56621                                                                                            7
56623                                                                                          7,8
56626                                                                                            8
56627                                                                                            8
56628                                                                                            8
56629                                                                                            8
56630                                                                                          7,8
56633                                                                                            8
56634                                                                                            7
56636                                                                                            8
56637                                                                                            8
56639                                                                                            8
56641                                                                                            8
56644                                                                                            7
56646                                                                                            7
56647                                                                                            8
56649                                                                                            8
56650                                                                                          7,8
56651                                                                                            7
56652                                                                                            7
56653                                                                                            8
56654                                                                                            8
56655                                                                                            8
56657                                                                                            8
56658                                                                                            8
56659                                                                                            8
56660                                                                                            8
56661                                                                                            8
56662                                                                                            8
56663                                                                                            8
56666                                                                                            7
56667                                                                                          7,8
56668                                                                                            8
56669                                                                                            8
56670                                                                                          7,8
56671                                                                                            7
56672                                                                                            8
56673                                                                                            7
56676                                                                                            7
56678                                                                                          7,8
56680                                                                                            8
56681                                                                                            8
56683                                                                                            8
56684                                                                                            7
56685                                                                                            7
56686                                                                                            7
56687                                                                                            7
56688                                                                                            8
56701                                                                                            7
56710                                                                                            7
56711                                                                                            7
56713                                                                                            7
56714                                                                                            7
56715                                                                                            7
56716                                                                                            7
56720                                                                                            7
56721                                                                                            7
56722                                                                                            7
56723                                                                                            7
56724                                                                                            7
56725                                                                                            7
56726                                                                                            7
56727                                                                                            7
56728                                                                                            7
56729                                                                                            7
56731                                                                                            7
56732                                                                                            7
56733                                                                                            7
56734                                                                                            7
56735                                                                                            7
56736                                                                                            7
56737                                                                                            7
56738                                                                                            7
56741                                                                                            7
56742                                                                                            7
56744                                                                                            7
56748                                                                                            7
56750                                                                                            7
56751                                                                                            7
56754                                                                                            7
56755                                                                                            7
56756                                                                                            7
56757                                                                                            7
56758                                                                                            7
56759                                                                                            7
56760                                                                                            7
56761                                                                                            7
56762                                                                                            7
56763                                                                                            7
57026                                                                                            7
57030                                                                                            1
57068                                                                                            1
58225                                                                                            7
