MISSISSIPPI CONGRESSIONAL DISTRICTS BY ZIP CODE TABULATION AREA (ZCTA)

ZCTA                                                                        Congressional District

38326                                                                                            1
38601                                                                                            1
38603                                                                                            1
38606                                                                                          1,2
38610                                                                                            1
38611                                                                                            1
38614                                                                                            2
38617                                                                                            2
38618                                                                                            1
38619                                                                                          1,2
38620                                                                                            2
38621                                                                                            2
38622                                                                                            2
38623                                                                                            2
38625                                                                                            1
38626                                                                                            2
38627                                                                                            1
38629                                                                                            1
38630                                                                                            2
38631                                                                                            2
38632                                                                                            1
38633                                                                                            1
38635                                                                                            1
38637                                                                                            1
38639                                                                                            2
38641                                                                                            1
38642                                                                                            1
38643                                                                                            2
38644                                                                                            2
38645                                                                                            2
38646                                                                                            2
38647                                                                                            1
38650                                                                                            1
38651                                                                                            1
38652                                                                                            1
38654                                                                                            1
38655                                                                                            1
38658                                                                                            2
38659                                                                                            1
38661                                                                                            1
38663                                                                                            1
38664                                                                                            2
38665                                                                                          1,2
38666                                                                                            2
38668                                                                                            1
38670                                                                                            2
38671                                                                                            1
38672                                                                                            1
38673                                                                                            1
38674                                                                                            1
38676                                                                                            2
38677                                                                                            1
38680                                                                                            1
38683                                                                                            1
38685                                                                                            1
38701                                                                                            2
38702                                                                                            2
38703                                                                                            2
38704                                                                                            2
38720                                                                                            2
38721                                                                                            2
38722                                                                                            2
38723                                                                                            2
38725                                                                                            2
38726                                                                                            2
38730                                                                                            2
38731                                                                                            2
38732                                                                                            2
38736                                                                                            2
38737                                                                                            2
38738                                                                                            2
38740                                                                                            2
38744                                                                                            2
38745                                                                                            2
38746                                                                                            2
38748                                                                                            2
38749                                                                                            2
38751                                                                                            2
38753                                                                                            2
38754                                                                                            2
38756                                                                                            2
38759                                                                                            2
38760                                                                                            2
38761                                                                                            2
38762                                                                                            2
38764                                                                                            2
38765                                                                                            2
38767                                                                                            2
38768                                                                                            2
38769                                                                                            2
38771                                                                                            2
38772                                                                                            2
38773                                                                                            2
38774                                                                                            2
38778                                                                                            2
38781                                                                                            2
38801                                                                                            1
38804                                                                                            1
38821                                                                                            1
38824                                                                                            1
38826                                                                                            1
38827                                                                                            1
38828                                                                                            1
38829                                                                                            1
38833                                                                                            1
38834                                                                                            1
38838                                                                                            1
38841                                                                                            1
38843                                                                                            1
38844                                                                                            1
38846                                                                                            1
38847                                                                                            1
38848                                                                                            1
38849                                                                                            1
38850                                                                                            1
38851                                                                                            1
38852                                                                                            1
38855                                                                                            1
38856                                                                                            1
38857                                                                                            1
38858                                                                                            1
38859                                                                                            1
38860                                                                                            1
38862                                                                                            1
38863                                                                                            1
38864                                                                                            1
38865                                                                                            1
38866                                                                                            1
38868                                                                                            1
38869                                                                                            1
38870                                                                                            1
38871                                                                                            1
38873                                                                                            1
38876                                                                                            1
38878                                                                                            1
38879                                                                                            1
38901                                                                                            2
38913                                                                                            1
38914                                                                                          1,2
38915                                                                                            1
38916                                                                                            1
38917                                                                                            2
38920                                                                                            2
38921                                                                                            2
38922                                                                                            2
38923                                                                                            2
38924                                                                                            2
38925                                                                                          1,2
38927                                                                                            2
38928                                                                                            2
38929                                                                                          1,2
38930                                                                                            2
38940                                                                                            2
38941                                                                                            2
38943                                                                                            2
38944                                                                                            2
38945                                                                                            2
38946                                                                                            2
38947                                                                                            2
38948                                                                                            2
38949                                                                                            1
38950                                                                                            2
38951                                                                                            1
38952                                                                                            2
38953                                                                                            2
38954                                                                                            2
38957                                                                                            2
38958                                                                                            2
38961                                                                                            2
38962                                                                                            2
38963                                                                                            2
38964                                                                                            2
38965                                                                                          1,2
38966                                                                                            2
38967                                                                                            2
39038                                                                                            2
39039                                                                                            2
39040                                                                                            2
39041                                                                                            2
39042                                                                                            3
39044                                                                                            3
39045                                                                                            2
39046                                                                                          2,3
39047                                                                                            3
39051                                                                                          2,3
39054                                                                                            2
39056                                                                                            2
39057                                                                                            3
39059                                                                                            2
39061                                                                                            2
39062                                                                                            3
39063                                                                                            2
39066                                                                                            2
39067                                                                                            2
39069                                                                                            2
39071                                                                                          2,3
39073                                                                                            3
39074                                                                                            3
39078                                                                                            2
39079                                                                                            2
39082                                                                                            3
39083                                                                                            2
39086                                                                                            2
39088                                                                                            2
39090                                                                                            2
39092                                                                                            3
39094                                                                                          2,3
39095                                                                                            2
39096                                                                                            2
39097                                                                                            2
39108                                                                                          1,2
39110                                                                                          2,3
39111                                                                                            3
39113                                                                                            2
39114                                                                                            3
39115                                                                                            2
39116                                                                                            3
39117                                                                                            3
39119                                                                                            3
39120                                                                                          2,3
39140                                                                                            3
39144                                                                                            2
39145                                                                                            3
39146                                                                                            2
39149                                                                                            3
39150                                                                                            2
39152                                                                                            3
39153                                                                                            3
39154                                                                                            2
39156                                                                                            2
39157                                                                                          2,3
39159                                                                                            2
39160                                                                                            2
39162                                                                                            2
39166                                                                                            2
39167                                                                                            3
39168                                                                                          3,4
39169                                                                                            2
39170                                                                                            2
39174                                                                                            2
39175                                                                                            2
39176                                                                                            2
39177                                                                                            2
39179                                                                                            2
39180                                                                                            2
39183                                                                                            2
39189                                                                                          2,3
39191                                                                                          2,3
39192                                                                                            2
39193                                                                                            3
39194                                                                                            2
39201                                                                                          2,3
39202                                                                                          2,3
39203                                                                                          2,3
39204                                                                                          2,3
39206                                                                                          2,3
39208                                                                                            3
39209                                                                                          2,3
39211                                                                                          2,3
39212                                                                                          2,3
39213                                                                                          2,3
39216                                                                                          2,3
39217                                                                                            2
39218                                                                                            3
39232                                                                                            3
39269                                                                                            3
39272                                                                                            2
39301                                                                                            3
39305                                                                                            3
39307                                                                                            3
39309                                                                                            3
39320                                                                                            3
39322                                                                                            4
39323                                                                                            3
39325                                                                                            3
39326                                                                                            3
39327                                                                                            3
39328                                                                                            3
39330                                                                                            3
39332                                                                                            3
39335                                                                                            3
39336                                                                                            3
39337                                                                                            3
39338                                                                                            3
39339                                                                                            1
39341                                                                                          1,3
39342                                                                                            3
39345                                                                                            3
39346                                                                                          1,3
39347                                                                                            3
39348                                                                                            3
39350                                                                                          1-3
39352                                                                                            3
39354                                                                                          1,3
39355                                                                                          3,4
39356                                                                                            3
39358                                                                                            3
39359                                                                                            3
39360                                                                                          3,4
39361                                                                                            3
39362                                                                                            4
39363                                                                                            3
39364                                                                                            3
39365                                                                                          2,3
39366                                                                                          3,4
39367                                                                                            4
39401                                                                                          3,4
39402                                                                                          3,4
39406                                                                                            4
39421                                                                                          3,4
39422                                                                                            3
39423                                                                                            4
39425                                                                                            4
39426                                                                                            4
39427                                                                                            3
39428                                                                                            3
39429                                                                                          3,4
39437                                                                                            4
39439                                                                                          3,4
39440                                                                                            4
39443                                                                                          3,4
39451                                                                                            4
39452                                                                                            4
39455                                                                                            4
39456                                                                                            4
39459                                                                                            4
39461                                                                                            4
39462                                                                                            4
39464                                                                                            4
39465                                                                                            4
39466                                                                                            4
39470                                                                                            4
39474                                                                                            3
39475                                                                                            4
39476                                                                                            4
39477                                                                                            4
39478                                                                                          3,4
39479                                                                                          3,4
39480                                                                                          3,4
39481                                                                                            3
39482                                                                                          3,4
39483                                                                                          3,4
39501                                                                                            4
39503                                                                                            4
39507                                                                                            4
39520                                                                                            4
39525                                                                                            4
39530                                                                                            4
39531                                                                                            4
39532                                                                                            4
39534                                                                                            4
39540                                                                                            4
39553                                                                                            4
39556                                                                                            4
39560                                                                                            4
39561                                                                                            4
39562                                                                                            4
39563                                                                                            4
39564                                                                                            4
39565                                                                                            4
39567                                                                                            4
39571                                                                                            4
39572                                                                                            4
39573                                                                                            4
39574                                                                                            4
39576                                                                                            4
39577                                                                                            4
39581                                                                                            4
39601                                                                                            3
39629                                                                                            3
39630                                                                                            3
39631                                                                                            3
39633                                                                                            3
39635                                                                                            3
39638                                                                                            3
39641                                                                                            3
39643                                                                                          3,4
39645                                                                                            3
39647                                                                                            3
39648                                                                                            3
39652                                                                                            3
39653                                                                                          2,3
39654                                                                                            3
39656                                                                                            3
39657                                                                                            3
39661                                                                                            3
39662                                                                                            3
39663                                                                                            3
39664                                                                                            3
39665                                                                                            3
39666                                                                                            3
39667                                                                                          3,4
39668                                                                                          2,3
39669                                                                                            3
39701                                                                                            1
39702                                                                                            1
39705                                                                                            1
39730                                                                                            1
39735                                                                                            1
39736                                                                                            1
39737                                                                                            1
39739                                                                                            3
39740                                                                                            1
39741                                                                                            1
39743                                                                                          1,3
39744                                                                                            1
39745                                                                                          1,2
39746                                                                                            1
39747                                                                                            2
39750                                                                                          1,3
39751                                                                                            1
39752                                                                                            1
39755                                                                                            1
39756                                                                                            1
39759                                                                                          1,3
39760                                                                                            3
39762                                                                                            3
39766                                                                                            1
39767                                                                                          1,2
39769                                                                                          1,3
39771                                                                                            1
39772                                                                                            1
39773                                                                                            1
39776                                                                                            1
