NEW JERSEY CONGRESSIONAL DISTRICTS BY ZIP CODE TABULATION AREA (ZCTA)

ZCTA                                                                        Congressional District

07001                                                                                            6
07002                                                                                         8,10
07003                                                                                      8,10,11
07004                                                                                           11
07005                                                                                           11
07006                                                                                           11
07008                                                                                            6
07009                                                                                           11
07010                                                                                            9
07011                                                                                            9
07012                                                                                            9
07013                                                                                            9
07014                                                                                            9
07016                                                                                            7
07017                                                                                         8,10
07018                                                                                           10
07020                                                                                            9
07021                                                                                           11
07022                                                                                            8
07023                                                                                           12
07024                                                                                            9
07026                                                                                            9
07027                                                                                            7
07028                                                                                           10
07029                                                                                            8
07030                                                                                            8
07031                                                                                            9
07032                                                                                          8,9
07033                                                                                            7
07034                                                                                           11
07035                                                                                           11
07036                                                                                         7,10
07039                                                                                         7,11
07040                                                                                           10
07041                                                                                         7,10
07042                                                                                           10
07043                                                                                         9-11
07044                                                                                        10,11
07045                                                                                           11
07046                                                                                           11
07047                                                                                            8
07050                                                                                           10
07052                                                                                        10,11
07054                                                                                           11
07055                                                                                            9
07057                                                                                            9
07058                                                                                           11
07059                                                                                            7
07060                                                                                         7,12
07062                                                                                         7,12
07063                                                                                         7,12
07064                                                                                            6
07065                                                                                           10
07066                                                                                            7
07067                                                                                            6
07068                                                                                           11
07069                                                                                            7
07070                                                                                            9
07071                                                                                            9
07072                                                                                            9
07073                                                                                            9
07074                                                                                            9
07075                                                                                            9
07076                                                                                         7,12
07077                                                                                            6
07078                                                                                            7
07079                                                                                           10
07080                                                                                            6
07081                                                                                            7
07082                                                                                           11
07083                                                                                       7,8,10
07086                                                                                            8
07087                                                                                            8
07088                                                                                           10
07090                                                                                         7,12
07092                                                                                            7
07093                                                                                            8
07094                                                                                            9
07095                                                                                            6
07102                                                                                         8,10
07103                                                                                           10
07104                                                                                         8,10
07105                                                                                         8,10
07106                                                                                           10
07107                                                                                         8,10
07108                                                                                           10
07109                                                                                         8,11
07110                                                                                         9,11
07111                                                                                           10
07112                                                                                           10
07114                                                                                         8,10
07201                                                                                            8
07202                                                                                            8
07203                                                                                           10
07204                                                                                           10
07205                                                                                           10
07206                                                                                            8
07208                                                                                         8,10
07302                                                                                         8,10
07304                                                                                         8,10
07305                                                                                         8,10
07306                                                                                         8,10
07307                                                                                            8
07310                                                                                            8
07311                                                                                            8
07401                                                                                            5
07403                                                                                           11
07405                                                                                           11
07407                                                                                            9
07410                                                                                            5
07416                                                                                            5
07417                                                                                            5
07418                                                                                            5
07419                                                                                            5
07420                                                                                           11
07421                                                                                            5
07422                                                                                            5
07423                                                                                            5
07424                                                                                           11
07430                                                                                            5
07432                                                                                            5
07435                                                                                         5,11
07436                                                                                            5
07438                                                                                         5,11
07439                                                                                           11
07440                                                                                           11
07442                                                                                           11
07444                                                                                           11
07446                                                                                            5
07450                                                                                            5
07452                                                                                            5
07456                                                                                            5
07457                                                                                           11
07458                                                                                            5
07460                                                                                         5,11
07461                                                                                            5
07462                                                                                            5
07463                                                                                            5
07465                                                                                         5,11
07470                                                                                           11
07480                                                                                            5
07481                                                                                            5
07495                                                                                            5
07501                                                                                            9
07502                                                                                            9
07503                                                                                            9
07504                                                                                            9
07505                                                                                            9
07506                                                                                            9
07508                                                                                         9,11
07512                                                                                           11
07513                                                                                            9
07514                                                                                            9
07522                                                                                            9
07524                                                                                            9
07601                                                                                            5
07603                                                                                            5
07604                                                                                            9
07605                                                                                            9
07606                                                                                            9
07607                                                                                            5
07608                                                                                            9
07620                                                                                            5
07621                                                                                            5
07624                                                                                            5
07626                                                                                            9
07627                                                                                            5
07628                                                                                            5
07630                                                                                            5
07631                                                                                            9
07632                                                                                            9
07640                                                                                            5
07641                                                                                            5
07642                                                                                            5
07643                                                                                            9
07644                                                                                            5
07645                                                                                            5
07646                                                                                            5
07647                                                                                            5
07648                                                                                            5
07649                                                                                            5
07650                                                                                            9
07652                                                                                            5
07656                                                                                            5
07657                                                                                            9
07660                                                                                            9
07661                                                                                            5
07662                                                                                            5
07663                                                                                            9
07666                                                                                          5,9
07670                                                                                          5,9
07675                                                                                            5
07676                                                                                            5
07677                                                                                            5
07701                                                                                          4,6
07702                                                                                            4
07703                                                                                          4,6
07704                                                                                            4
07711                                                                                          4,6
07712                                                                                          4,6
07716                                                                                            6
07717                                                                                            4
07718                                                                                            6
07719                                                                                            4
07720                                                                                            4
07721                                                                                            6
07722                                                                                            4
07723                                                                                          4,6
07724                                                                                            4
07726                                                                                          4,6
07727                                                                                            4
07728                                                                                            4
07730                                                                                          4,6
07731                                                                                            4
07732                                                                                            6
07733                                                                                          4,6
07734                                                                                            6
07735                                                                                            6
07737                                                                                            6
07738                                                                                            4
07739                                                                                            4
07740                                                                                          4,6
07746                                                                                            6
07747                                                                                         6,12
07748                                                                                          4,6
07750                                                                                            6
07751                                                                                            6
07753                                                                                            4
07755                                                                                            4
07756                                                                                            4
07757                                                                                            6
07758                                                                                            6
07760                                                                                          4,6
07762                                                                                            4
07764                                                                                            6
07801                                                                                         7,11
07803                                                                                            7
07820                                                                                            5
07821                                                                                         5,11
07822                                                                                            5
07823                                                                                            5
07825                                                                                            5
07826                                                                                            5
07827                                                                                            5
07828                                                                                            7
07830                                                                                            7
07832                                                                                            5
07833                                                                                            5
07834                                                                                           11
07836                                                                                            7
07838                                                                                            5
07840                                                                                          5,7
07842                                                                                           11
07843                                                                                           11
07846                                                                                            5
07847                                                                                            7
07848                                                                                            5
07849                                                                                           11
07850                                                                                            7
07851                                                                                            5
07852                                                                                            7
07853                                                                                            7
07856                                                                                            7
07857                                                                                            7
07860                                                                                            5
07863                                                                                            5
07865                                                                                          5,7
07866                                                                                         7,11
07869                                                                                         7,11
07870                                                                                            7
07871                                                                                           11
07874                                                                                         5,11
07876                                                                                            7
07878                                                                                           11
07880                                                                                            5
07881                                                                                            5
07882                                                                                          5,7
07885                                                                                         7,11
07901                                                                                            7
07920                                                                                         7,11
07921                                                                                            7
07922                                                                                            7
07924                                                                                            7
07926                                                                                           11
07927                                                                                           11
07928                                                                                           11
07930                                                                                            7
07931                                                                                         7,11
07932                                                                                           11
07933                                                                                            7
07934                                                                                            7
07935                                                                                           11
07936                                                                                           11
07939                                                                                            7
07940                                                                                           11
07945                                                                                           11
07946                                                                                            7
07950                                                                                           11
07960                                                                                           11
07961                                                                                           11
07970                                                                                           11
07974                                                                                            7
07976                                                                                           11
07977                                                                                            7
07979                                                                                            7
07980                                                                                            7
07981                                                                                           11
08001                                                                                            2
08002                                                                                            1
08003                                                                                            1
08004                                                                                          1,2
08005                                                                                          2,3
08006                                                                                          2,3
08007                                                                                            1
08008                                                                                          2,3
08009                                                                                          1,2
08010                                                                                            3
08011                                                                                            3
08012                                                                                            1
08014                                                                                            1
08015                                                                                            3
08016                                                                                            3
08019                                                                                          2,3
08020                                                                                          1,2
08021                                                                                            1
08022                                                                                            3
08023                                                                                            2
08026                                                                                            1
08027                                                                                            1
08028                                                                                          1,2
08029                                                                                            1
08030                                                                                            1
08031                                                                                            1
08033                                                                                            1
08034                                                                                            1
08035                                                                                            1
08036                                                                                            3
08037                                                                                          1,2
08038                                                                                            2
08039                                                                                            2
08041                                                                                            3
08042                                                                                            3
08043                                                                                            1
08045                                                                                            1
08046                                                                                            3
08048                                                                                            3
08049                                                                                            1
08050                                                                                          2,3
08051                                                                                          1,2
08052                                                                                          1,3
08053                                                                                            3
08054                                                                                            3
08055                                                                                            3
08056                                                                                          1,2
08057                                                                                            3
08059                                                                                            1
08060                                                                                            3
08061                                                                                            1
08062                                                                                            2
08063                                                                                            1
08064                                                                                            3
08065                                                                                          1,3
08066                                                                                            1
08067                                                                                            2
08068                                                                                            3
08069                                                                                            2
08070                                                                                            2
08071                                                                                          1,2
08072                                                                                            2
08073                                                                                            3
08074                                                                                            2
08075                                                                                            3
08077                                                                                            3
08078                                                                                            1
08079                                                                                            2
08080                                                                                          1,2
08081                                                                                            1
08083                                                                                            1
08084                                                                                            1
08085                                                                                          1,2
08086                                                                                            1
08087                                                                                          2,3
08088                                                                                            3
08089                                                                                          1,2
08090                                                                                            1
08091                                                                                            1
08092                                                                                          2,3
08093                                                                                            1
08094                                                                                          1,2
08095                                                                                            1
08096                                                                                            1
08097                                                                                            1
08098                                                                                            2
08102                                                                                            1
08103                                                                                            1
08104                                                                                            1
08105                                                                                            1
08106                                                                                            1
08107                                                                                            1
08108                                                                                            1
08109                                                                                            1
08110                                                                                            1
08201                                                                                            2
08202                                                                                            2
08203                                                                                            2
08204                                                                                            2
08205                                                                                            2
08210                                                                                            2
08212                                                                                            2
08215                                                                                            2
08217                                                                                            2
08221                                                                                            2
08223                                                                                            2
08224                                                                                            2
08225                                                                                            2
08226                                                                                            2
08230                                                                                            2
08232                                                                                            2
08234                                                                                            2
08240                                                                                            2
08241                                                                                            2
08242                                                                                            2
08243                                                                                            2
08244                                                                                            2
08246                                                                                            2
08247                                                                                            2
08248                                                                                            2
08251                                                                                            2
08260                                                                                            2
08270                                                                                            2
08302                                                                                            2
08310                                                                                            2
08311                                                                                            2
08312                                                                                            2
08314                                                                                            2
08316                                                                                            2
08317                                                                                            2
08318                                                                                            2
08319                                                                                            2
08320                                                                                            2
08321                                                                                            2
08322                                                                                            2
08323                                                                                            2
08324                                                                                            2
08326                                                                                            2
08327                                                                                            2
08328                                                                                            2
08329                                                                                            2
08330                                                                                            2
08332                                                                                            2
08340                                                                                            2
08341                                                                                            2
08343                                                                                            2
08344                                                                                            2
08345                                                                                            2
08346                                                                                            2
08348                                                                                            2
08349                                                                                            2
08350                                                                                            2
08352                                                                                            2
08353                                                                                            2
08360                                                                                            2
08361                                                                                            2
08401                                                                                            2
08402                                                                                            2
08403                                                                                            2
08406                                                                                            2
08501                                                                                          3,4
08502                                                                                            7
08505                                                                                            3
08510                                                                                            4
08511                                                                                            3
08512                                                                                           12
08514                                                                                            4
08515                                                                                            3
08518                                                                                            3
08520                                                                                         4,12
08525                                                                                         7,12
08527                                                                                            4
08528                                                                                           12
08530                                                                                         7,12
08533                                                                                            4
08534                                                                                           12
08535                                                                                            4
08536                                                                                           12
08540                                                                                         7,12
08542                                                                                           12
08550                                                                                           12
08551                                                                                            7
08553                                                                                            7
08554                                                                                            3
08555                                                                                            4
08558                                                                                         7,12
08559                                                                                            7
08560                                                                                           12
08561                                                                                            4
08562                                                                                            3
08608                                                                                           12
08609                                                                                         4,12
08610                                                                                       3,4,12
08611                                                                                         4,12
08618                                                                                           12
08619                                                                                            4
08620                                                                                          3,4
08628                                                                                           12
08629                                                                                         4,12
08638                                                                                         4,12
08640                                                                                            3
08641                                                                                            3
08648                                                                                           12
08690                                                                                         4,12
08691                                                                                            4
08701                                                                                          3,4
08720                                                                                            4
08721                                                                                            3
08722                                                                                            3
08723                                                                                            3
08724                                                                                          3,4
08730                                                                                            4
08731                                                                                            3
08732                                                                                            3
08733                                                                                            4
08734                                                                                            3
08735                                                                                            3
08736                                                                                            4
08738                                                                                            3
08740                                                                                            3
08741                                                                                            3
08742                                                                                          3,4
08750                                                                                            4
08751                                                                                            3
08752                                                                                            3
08753                                                                                            3
08755                                                                                            3
08757                                                                                          3,4
08758                                                                                            3
08759                                                                                          3,4
08801                                                                                            7
08802                                                                                          5,7
08804                                                                                            7
08805                                                                                         7,12
08807                                                                                            7
08808                                                                                            7
08809                                                                                            7
08810                                                                                           12
08812                                                                                         7,12
08816                                                                                           12
08817                                                                                            6
08820                                                                                            6
08821                                                                                            7
08822                                                                                            7
08823                                                                                           12
08824                                                                                           12
08825                                                                                            7
08826                                                                                            7
08827                                                                                          5,7
08828                                                                                           12
08829                                                                                            7
08830                                                                                            6
08831                                                                                           12
08832                                                                                            6
08833                                                                                            7
08835                                                                                           12
08836                                                                                            7
08837                                                                                            6
08840                                                                                            6
08844                                                                                            7
08846                                                                                           12
08848                                                                                            7
08850                                                                                           12
08852                                                                                           12
08853                                                                                            7
08854                                                                                            6
08857                                                                                         6,12
08858                                                                                            7
08859                                                                                         6,12
08861                                                                                            6
08863                                                                                            6
08865                                                                                          5,7
08867                                                                                            7
08869                                                                                            7
08872                                                                                            6
08873                                                                                           12
08876                                                                                            7
08879                                                                                         6,12
08880                                                                                           12
08882                                                                                           12
08884                                                                                           12
08886                                                                                            7
08887                                                                                            7
08889                                                                                            7
08890                                                                                           12
08901                                                                                         6,12
08902                                                                                           12
08904                                                                                            6
