NORTH CAROLINA CONGRESSIONAL DISTRICTS BY ZIP CODE TABULATION AREA (ZCTA)

ZCTA                                                                        Congressional District

27006                                                                                            5
27007                                                                                            6
27009                                                                                          5,6
27011                                                                                            5
27012                                                                                            5
27013                                                                                          5,9
27014                                                                                            5
27016                                                                                            6
27017                                                                                            6
27018                                                                                            5
27019                                                                                          5,6
27020                                                                                            5
27021                                                                                          5,6
27022                                                                                            6
27023                                                                                            5
27024                                                                                            6
27025                                                                                            6
27027                                                                                            6
27028                                                                                            5
27030                                                                                            6
27040                                                                                            5
27041                                                                                            6
27042                                                                                            6
27043                                                                                          5,6
27045                                                                                          5,6
27046                                                                                            6
27047                                                                                            6
27048                                                                                            6
27050                                                                                          5,6
27051                                                                                            5
27052                                                                                          5,6
27053                                                                                            6
27054                                                                                            5
27055                                                                                            5
27101                                                                                         5,12
27103                                                                                            5
27104                                                                                            5
27105                                                                                         5,12
27106                                                                                         5,12
27107                                                                                         5,12
27109                                                                                            5
27110                                                                                           12
27127                                                                                         5,12
27201                                                                                            6
27203                                                                                            2
27205                                                                                          2,8
27207                                                                                            2
27208                                                                                            2
27209                                                                                          2,8
27212                                                                                            6
27214                                                                                         6,12
27215                                                                                        2,4,6
27217                                                                                          4,6
27229                                                                                            8
27231                                                                                          4,6
27233                                                                                          2,6
27235                                                                                            6
27239                                                                                            8
27242                                                                                            2
27243                                                                                          4,6
27244                                                                                            6
27248                                                                                            2
27249                                                                                            6
27252                                                                                            2
27253                                                                                          4,6
27258                                                                                          4,6
27260                                                                                       2,6,12
27262                                                                                       5,6,12
27263                                                                                          2,6
27265                                                                                       5,6,12
27278                                                                                          4,6
27281                                                                                          2,8
27282                                                                                         6,12
27283                                                                                          2,6
27284                                                                                       5,6,12
27288                                                                                            6
27291                                                                                            6
27292                                                                                       5,8,12
27295                                                                                         5,12
27298                                                                                          2,6
27299                                                                                       5,8,12
27301                                                                                         6,12
27302                                                                                          4,6
27305                                                                                            6
27306                                                                                            8
27310                                                                                            6
27311                                                                                            6
27312                                                                                        2,4,6
27313                                                                                          2,6
27314                                                                                            6
27315                                                                                            6
27316                                                                                            2
27317                                                                                          2,6
27320                                                                                            6
27325                                                                                            2
27326                                                                                            6
27330                                                                                          2,4
27332                                                                                          2,4
27340                                                                                            6
27341                                                                                          2,8
27343                                                                                            6
27344                                                                                            2
27349                                                                                          2,6
27350                                                                                            2
27355                                                                                            2
27356                                                                                          2,8
27357                                                                                            6
27358                                                                                            6
27360                                                                                     2,5,8,12
27370                                                                                          2,8
27371                                                                                          2,8
27376                                                                                            2
27377                                                                                            6
27379                                                                                            6
27401                                                                                         6,12
27403                                                                                         6,12
27405                                                                                         6,12
27406                                                                                         6,12
27407                                                                                         6,12
27408                                                                                            6
27409                                                                                         6,12
27410                                                                                         6,12
27455                                                                                         6,12
27501                                                                                       2,7,13
27502                                                                                         2,13
27503                                                                                            6
27504                                                                                          2,7
27505                                                                                          2,4
27507                                                                                          1,6
27508                                                                                           13
27509                                                                                            1
27510                                                                                            4
27511                                                                                       2,4,13
27513                                                                                       2,4,13
27514                                                                                          4,6
27516                                                                                            4
27517                                                                                          2,4
27518                                                                                         4,13
27519                                                                                       2,4,13
27520                                                                                         7,13
27521                                                                                            2
27522                                                                                         1,13
27523                                                                                       2,4,13
27524                                                                                         7,13
27525                                                                                         1,13
27526                                                                                       2,4,13
27527                                                                                            7
27529                                                                                       4,7,13
27530                                                                                         1,13
27531                                                                                         1,13
27534                                                                                         1,13
27536                                                                                            1
27537                                                                                         1,13
27539                                                                                         2,13
27540                                                                                       2,4,13
27541                                                                                            6
27542                                                                                         7,13
27544                                                                                         1,13
27545                                                                                           13
27546                                                                                          2,4
27549                                                                                         1,13
27551                                                                                            1
27553                                                                                            1
27555                                                                                            7
27556                                                                                            1
27557                                                                                         7,13
27559                                                                                          2,4
27560                                                                                     1,2,4,13
27562                                                                                          2,4
27563                                                                                            1
27565                                                                                       1,6,13
27568                                                                                            7
27569                                                                                         7,13
27571                                                                                           13
27572                                                                                          1,6
27573                                                                                            6
27574                                                                                            6
27576                                                                                            7
27577                                                                                            7
27581                                                                                         1,13
27582                                                                                            6
27583                                                                                            6
27587                                                                                           13
27589                                                                                            1
27591                                                                                         7,13
27592                                                                                       2,7,13
27596                                                                                         1,13
27597                                                                                         7,13
27601                                                                                            4
27603                                                                                       4,7,13
27604                                                                                         4,13
27605                                                                                         4,13
27606                                                                                         4,13
27607                                                                                       2,4,13
27608                                                                                         4,13
27609                                                                                         4,13
27610                                                                                         4,13
27612                                                                                         4,13
27613                                                                                         4,13
27614                                                                                           13
27615                                                                                         4,13
27616                                                                                         4,13
27617                                                                                         4,13
27701                                                                                            1
27703                                                                                       1,4,13
27704                                                                                       1,6,13
27705                                                                                        1,4,6
27707                                                                                          1,4
27709                                                                                            4
27712                                                                                          1,6
27713                                                                                        1,2,4
27801                                                                                         1,13
27803                                                                                         1,13
27804                                                                                         1,13
27805                                                                                            1
27806                                                                                            3
27807                                                                                           13
27808                                                                                            3
27809                                                                                         1,13
27810                                                                                            3
27812                                                                                          1,3
27813                                                                                           13
27814                                                                                            3
27816                                                                                         1,13
27817                                                                                            3
27818                                                                                            1
27819                                                                                            1
27820                                                                                            1
27821                                                                                            3
27822                                                                                         1,13
27823                                                                                            1
27824                                                                                            3
27825                                                                                            3
27826                                                                                            3
27827                                                                                            1
27828                                                                                          1,3
27829                                                                                       1,3,13
27830                                                                                           13
27831                                                                                            1
27832                                                                                            1
27834                                                                                          1,3
27837                                                                                          1,3
27839                                                                                            1
27840                                                                                            1
27841                                                                                            1
27842                                                                                            1
27843                                                                                            1
27844                                                                                            1
27845                                                                                            1
27846                                                                                          1,3
27847                                                                                            1
27849                                                                                            1
27850                                                                                            1
27851                                                                                           13
27852                                                                                         1,13
27853                                                                                            1
27855                                                                                            1
27856                                                                                         1,13
27857                                                                                            1
27858                                                                                          1,3
27860                                                                                          1,3
27861                                                                                            1
27862                                                                                            1
27863                                                                                         1,13
27864                                                                                           13
27865                                                                                            3
27866                                                                                            1
27869                                                                                            1
27870                                                                                            1
27871                                                                                          1,3
27872                                                                                            1
27873                                                                                            1
27874                                                                                            1
27875                                                                                            3
27876                                                                                            1
27878                                                                                           13
27879                                                                                            3
27880                                                                                           13
27881                                                                                            1
27882                                                                                         1,13
27883                                                                                         1,13
27884                                                                                            3
27885                                                                                            3
27886                                                                                         1,13
27888                                                                                          1,3
27889                                                                                          1,3
27890                                                                                            1
27891                                                                                            1
27892                                                                                          1,3
27893                                                                                         1,13
27896                                                                                           13
27897                                                                                            1
27909                                                                                          1,3
27910                                                                                            1
27915                                                                                            3
27916                                                                                            3
27917                                                                                            3
27919                                                                                            3
27920                                                                                            3
27921                                                                                            3
27922                                                                                            1
27923                                                                                            3
27924                                                                                            1
27925                                                                                            3
27926                                                                                          1,3
27927                                                                                            3
27928                                                                                            3
27929                                                                                            3
27932                                                                                          1,3
27935                                                                                            3
27936                                                                                            3
27937                                                                                          1,3
27938                                                                                          1,3
27939                                                                                            3
27941                                                                                            3
27942                                                                                            1
27943                                                                                            3
27944                                                                                          1,3
27946                                                                                            3
27947                                                                                            3
27948                                                                                            3
27949                                                                                            3
27950                                                                                            3
27953                                                                                            3
27954                                                                                            3
27956                                                                                            3
27957                                                                                            1
27958                                                                                            3
27959                                                                                            3
27960                                                                                            3
27962                                                                                          1,3
27964                                                                                            3
27965                                                                                            3
27966                                                                                            3
27967                                                                                            1
27968                                                                                            3
27970                                                                                          1,3
27972                                                                                            3
27973                                                                                            3
27974                                                                                            3
27976                                                                                            3
27978                                                                                            3
27979                                                                                          1,3
27980                                                                                          1,3
27981                                                                                            3
27982                                                                                            3
27983                                                                                            1
27985                                                                                            1
27986                                                                                            1
28001                                                                                            8
28006                                                                                           10
28007                                                                                            8
28009                                                                                            8
28012                                                                                           10
28016                                                                                           10
28017                                                                                           10
28018                                                                                           10
28019                                                                                           10
28020                                                                                           10
28021                                                                                           10
28023                                                                                         8,12
28025                                                                                            8
28027                                                                                         8,12
28031                                                                                            9
28032                                                                                           10
28033                                                                                           10
28034                                                                                           10
28036                                                                                         9,12
28037                                                                                           10
28039                                                                                           12
28040                                                                                           10
28043                                                                                           10
28052                                                                                           10
28054                                                                                           10
28056                                                                                           10
28071                                                                                            8
28072                                                                                            8
28073                                                                                           10
28075                                                                                            8
28076                                                                                           10
28077                                                                                           10
28078                                                                                         9,12
28079                                                                                          8,9
28080                                                                                           10
28081                                                                                         8,12
28083                                                                                            8
28086                                                                                           10
28088                                                                                            8
28089                                                                                           10
28090                                                                                        10,11
28091                                                                                            8
28092                                                                                           10
28097                                                                                            8
28098                                                                                           10
28101                                                                                           10
28102                                                                                            8
28103                                                                                            8
28104                                                                                          8,9
28105                                                                                         9,12
28107                                                                                          8,9
28108                                                                                            9
28109                                                                                            8
28110                                                                                          8,9
28112                                                                                          8,9
28114                                                                                           10
28115                                                                                     5,8,9,12
28117                                                                                            9
28119                                                                                            8
28120                                                                                           10
28124                                                                                            8
28125                                                                                       5,9,12
28127                                                                                            8
28128                                                                                            8
28129                                                                                            8
28133                                                                                            8
28134                                                                                         9,12
28135                                                                                            8
28137                                                                                            8
28138                                                                                            8
28139                                                                                           10
28144                                                                                       5,8,12
28146                                                                                         8,12
28147                                                                                       5,8,12
28150                                                                                           10
28152                                                                                           10
28159                                                                                       5,8,12
28160                                                                                           10
28163                                                                                            8
28164                                                                                           10
28166                                                                                          5,9
28167                                                                                        10,11
28168                                                                                           10
28169                                                                                           10
28170                                                                                            8
28173                                                                                            9
28174                                                                                            8
28202                                                                                         9,12
28203                                                                                         9,12
28204                                                                                         9,12
28205                                                                                         9,12
28206                                                                                           12
28207                                                                                            9
28208                                                                                         9,12
28209                                                                                         9,12
28210                                                                                         9,12
28211                                                                                         9,12
28212                                                                                         9,12
28213                                                                                         8,12
28214                                                                                         9,12
28215                                                                                       8,9,12
28216                                                                                         9,12
28217                                                                                         9,12
28226                                                                                            9
28227                                                                                       8,9,12
28244                                                                                           12
28262                                                                                       8,9,12
28269                                                                                         9,12
28270                                                                                         9,12
28273                                                                                         9,12
28277                                                                                            9
28278                                                                                            9
28280                                                                                           12
28282                                                                                           12
28301                                                                                          2,4
28303                                                                                          2,4
28304                                                                                          2,4
28305                                                                                          2,4
28306                                                                                        2,4,7
28307                                                                                            2
28308                                                                                            2
28310                                                                                            2
28311                                                                                          2,4
28312                                                                                          2,7
28314                                                                                          2,4
28315                                                                                            2
28318                                                                                            7
28320                                                                                            7
28323                                                                                          2,4
28325                                                                                            7
28326                                                                                            2
28327                                                                                            2
28328                                                                                            7
28330                                                                                            8
28332                                                                                            7
28333                                                                                         1,13
28334                                                                                          2,7
28337                                                                                            7
28338                                                                                            8
28339                                                                                          2,4
28340                                                                                            8
28341                                                                                            7
28342                                                                                            2
28343                                                                                            8
28344                                                                                          2,7
28345                                                                                            8
28347                                                                                          2,8
28348                                                                                          2,7
28349                                                                                            7
28350                                                                                            2
28351                                                                                            8
28352                                                                                            8
28356                                                                                          2,4
28357                                                                                        2,7,8
28358                                                                                            8
28360                                                                                            8
28363                                                                                            8
28364                                                                                          7,8
28365                                                                                       1,7,13
28366                                                                                            7
28367                                                                                            8
28369                                                                                            8
28371                                                                                        2,7,8
28372                                                                                            8
28373                                                                                            2
28374                                                                                            2
28375                                                                                            8
28376                                                                                          2,7
28377                                                                                          7,8
28379                                                                                            8
28382                                                                                            7
28383                                                                                            8
28384                                                                                          7,8
28385                                                                                            7
28386                                                                                        2,7,8
28387                                                                                            2
28390                                                                                          2,4
28391                                                                                          2,7
28392                                                                                            7
28393                                                                                            7
28394                                                                                            2
28395                                                                                          2,4
28396                                                                                            8
28398                                                                                            7
28399                                                                                            7
28401                                                                                          3,7
28403                                                                                          3,7
28405                                                                                          3,7
28409                                                                                            7
28411                                                                                            7
28412                                                                                          3,7
28420                                                                                            7
28421                                                                                            3
28422                                                                                            7
28423                                                                                            7
28424                                                                                            7
28425                                                                                            3
28428                                                                                            7
28429                                                                                          3,7
28430                                                                                            7
28431                                                                                            7
28432                                                                                            7
28433                                                                                            7
28434                                                                                            7
28435                                                                                            3
28436                                                                                            7
28438                                                                                            7
28439                                                                                            7
28441                                                                                            7
28442                                                                                            7
28443                                                                                          3,7
28444                                                                                            7
28445                                                                                          3,7
28447                                                                                          3,7
28448                                                                                          3,7
28449                                                                                            7
28450                                                                                            7
28451                                                                                            7
28452                                                                                            7
28453                                                                                            7
28454                                                                                            3
28455                                                                                            7
28456                                                                                            7
28457                                                                                          3,7
28458                                                                                            7
28460                                                                                            3
28461                                                                                            7
28462                                                                                            7
28463                                                                                            7
28464                                                                                            7
28465                                                                                            7
28466                                                                                          3,7
28467                                                                                            7
28468                                                                                            7
28469                                                                                            7
28470                                                                                            7
28472                                                                                            7
28478                                                                                          3,7
28479                                                                                            7
28480                                                                                            7
28501                                                                                        1,3,7
28504                                                                                        1,3,7
28508                                                                                            7
28510                                                                                            3
28511                                                                                            3
28512                                                                                            3
28513                                                                                            3
28515                                                                                            3
28516                                                                                            3
28518                                                                                          3,7
28519                                                                                            3
28520                                                                                            3
28521                                                                                          3,7
28523                                                                                          1,3
28524                                                                                            3
28525                                                                                            7
28526                                                                                          1,3
28527                                                                                            3
28528                                                                                            3
28529                                                                                            3
28530                                                                                            3
28531                                                                                            3
28532                                                                                            3
28533                                                                                            3
28537                                                                                            3
28538                                                                                          1,3
28539                                                                                            3
28540                                                                                            3
28543                                                                                            3
28544                                                                                            3
28546                                                                                            3
28547                                                                                            3
28551                                                                                       1,7,13
28552                                                                                            3
28553                                                                                            3
28554                                                                                            3
28555                                                                                            3
28556                                                                                            3
28557                                                                                            3
28560                                                                                          1,3
28562                                                                                          1,3
28570                                                                                            3
28571                                                                                            3
28572                                                                                          3,7
28573                                                                                            3
28574                                                                                          3,7
28575                                                                                            3
28577                                                                                            3
28578                                                                                       1,7,13
28579                                                                                            3
28580                                                                                        1,3,7
28581                                                                                            3
28582                                                                                            3
28583                                                                                            3
28584                                                                                            3
28585                                                                                            3
28586                                                                                          1,3
28587                                                                                            3
28589                                                                                            3
28590                                                                                          1,3
28594                                                                                            3
28601                                                                                      5,10,11
28602                                                                                      5,10,11
28604                                                                                         5,11
28605                                                                                         5,11
28606                                                                                         5,11
28607                                                                                            5
28609                                                                                           10
28610                                                                                           10
28611                                                                                           11
28612                                                                                        10,11
28613                                                                                           10
28615                                                                                            5
28616                                                                                           11
28617                                                                                            5
28618                                                                                            5
28619                                                                                           11
28621                                                                                          5,6
28622                                                                                           11
28623                                                                                            5
28624                                                                                            5
28625                                                                                          5,9
28626                                                                                            5
28627                                                                                            5
28628                                                                                           11
28629                                                                                            5
28630                                                                                         5,11
28631                                                                                            5
28634                                                                                            5
28635                                                                                            5
28636                                                                                          5,9
28637                                                                                           11
28638                                                                                           11
28640                                                                                            5
28642                                                                                            5
28643                                                                                            5
28644                                                                                            5
28645                                                                                         5,11
28646                                                                                           11
28647                                                                                           11
28649                                                                                            5
28650                                                                                           10
28651                                                                                            5
28652                                                                                           11
28654                                                                                            5
28655                                                                                           11
28657                                                                                           11
28658                                                                                         5,10
28659                                                                                            5
28660                                                                                          5,9
28662                                                                                           11
28663                                                                                            5
28665                                                                                            5
28666                                                                                           11
28667                                                                                           11
28668                                                                                            5
28669                                                                                            5
28670                                                                                            5
28671                                                                                           11
28672                                                                                            5
28673                                                                                           10
28675                                                                                            5
28676                                                                                          5,6
28677                                                                                          5,9
28678                                                                                          5,9
28679                                                                                         5,11
28681                                                                                            5
28682                                                                                           10
28683                                                                                          5,6
28684                                                                                            5
28685                                                                                            5
28689                                                                                            5
28690                                                                                           11
28692                                                                                            5
28693                                                                                            5
28694                                                                                            5
28697                                                                                            5
28698                                                                                            5
28701                                                                                           11
28702                                                                                           11
28704                                                                                        10,11
28705                                                                                           11
28707                                                                                           11
28708                                                                                           11
28709                                                                                        10,11
28711                                                                                        10,11
28712                                                                                           11
28713                                                                                           11
28714                                                                                           11
28715                                                                                           11
28716                                                                                           11
28717                                                                                           11
28718                                                                                           11
28719                                                                                           11
28720                                                                                           10
28721                                                                                           11
28722                                                                                           10
28723                                                                                           11
28725                                                                                           11
28726                                                                                           11
28729                                                                                           11
28730                                                                                           10
28731                                                                                           11
28732                                                                                        10,11
28733                                                                                           11
28734                                                                                           11
28735                                                                                           11
28736                                                                                           11
28739                                                                                           11
28740                                                                                           11
28741                                                                                           11
28742                                                                                           11
28743                                                                                           11
28745                                                                                           11
28746                                                                                           10
28747                                                                                           11
28748                                                                                           11
28749                                                                                           11
28751                                                                                           11
28752                                                                                           11
28753                                                                                           11
28754                                                                                           11
28756                                                                                           10
28757                                                                                           10
28759                                                                                           11
28761                                                                                           11
28762                                                                                           11
28763                                                                                           11
28766                                                                                           11
28768                                                                                           11
28771                                                                                           11
28772                                                                                           11
28773                                                                                        10,11
28774                                                                                           11
28775                                                                                           11
28777                                                                                           11
28778                                                                                           10
28779                                                                                           11
28781                                                                                           11
28782                                                                                           10
28783                                                                                           11
28785                                                                                           11
28786                                                                                           11
28787                                                                                        10,11
28789                                                                                           11
28790                                                                                           11
28791                                                                                           11
28792                                                                                        10,11
28801                                                                                           10
28803                                                                                        10,11
28804                                                                                        10,11
28805                                                                                           10
28806                                                                                        10,11
28901                                                                                           11
28902                                                                                           11
28904                                                                                           11
28905                                                                                           11
28906                                                                                           11
28909                                                                                           11
