TENNESSEE CONGRESSIONAL DISTRICTS BY ZIP CODE TABULATION AREA (ZCTA)

ZCTA                                                                        Congressional District

37010                                                                                          6,7
37012                                                                                            6
37013                                                                                            5
37014                                                                                          4,7
37015                                                                                          5-7
37016                                                                                            6
37018                                                                                          4,6
37019                                                                                            4
37020                                                                                            4
37022                                                                                            6
37023                                                                                            7
37025                                                                                          5,7
37026                                                                                            6
37027                                                                                          5,7
37028                                                                                            7
37029                                                                                            5
37030                                                                                            6
37031                                                                                            6
37032                                                                                          5,6
37033                                                                                            7
37034                                                                                            4
37035                                                                                          5,6
37036                                                                                            5
37037                                                                                            4
37040                                                                                            7
37042                                                                                            7
37043                                                                                          5,7
37046                                                                                          4,7
37047                                                                                          4,7
37048                                                                                            6
37049                                                                                            6
37050                                                                                            7
37051                                                                                          5,7
37052                                                                                            7
37055                                                                                          5,7
37057                                                                                            6
37058                                                                                            7
37059                                                                                            6
37060                                                                                          4,7
37061                                                                                            7
37062                                                                                          5,7
37064                                                                                          5,7
37066                                                                                            6
37067                                                                                            7
37069                                                                                            7
37072                                                                                          5,6
37073                                                                                            6
37074                                                                                            6
37075                                                                                            6
37076                                                                                          5,6
37078                                                                                            7
37079                                                                                            7
37080                                                                                          5,6
37082                                                                                            5
37083                                                                                            6
37085                                                                                          4,6
37086                                                                                          4,5
37087                                                                                            6
37090                                                                                            6
37091                                                                                            4
37095                                                                                            6
37096                                                                                            7
37097                                                                                            7
37098                                                                                            7
37101                                                                                            7
37110                                                                                          4,6
37115                                                                                            5
37118                                                                                          4,6
37122                                                                                          4-6
37127                                                                                            4
37128                                                                                            4
37129                                                                                            4
37130                                                                                            4
37132                                                                                            4
37134                                                                                            7
37135                                                                                        4,5,7
37137                                                                                            7
37138                                                                                          5,6
37140                                                                                            7
37141                                                                                            6
37142                                                                                            7
37143                                                                                            5
37144                                                                                          4,7
37145                                                                                            6
37146                                                                                          5,6
37148                                                                                            6
37149                                                                                          4,6
37150                                                                                            6
37151                                                                                            6
37153                                                                                            4
37160                                                                                            4
37165                                                                                            5
37166                                                                                          4,6
37167                                                                                            4
37171                                                                                            7
37172                                                                                            6
37174                                                                                          4,7
37175                                                                                            7
37178                                                                                            7
37179                                                                                            7
37180                                                                                            4
37181                                                                                          5,7
37183                                                                                          4,6
37184                                                                                            6
37185                                                                                            7
37186                                                                                            6
37187                                                                                            5
37188                                                                                            6
37189                                                                                            5
37190                                                                                          4,6
37191                                                                                            7
37201                                                                                            5
37203                                                                                            5
37204                                                                                            5
37205                                                                                            5
37206                                                                                            5
37207                                                                                            5
37208                                                                                            5
37209                                                                                            5
37210                                                                                            5
37211                                                                                            5
37212                                                                                            5
37213                                                                                            5
37214                                                                                            5
37215                                                                                          5,7
37216                                                                                            5
37217                                                                                            5
37218                                                                                            5
37219                                                                                            5
37220                                                                                            5
37221                                                                                          5,7
37228                                                                                            5
37240                                                                                            5
37243                                                                                            5
37246                                                                                            5
37301                                                                                            4
37302                                                                                            3
37303                                                                                            3
37305                                                                                            4
37306                                                                                            4
37307                                                                                            3
37308                                                                                          3,4
37309                                                                                            3
37310                                                                                          3,4
37311                                                                                          3,4
37312                                                                                          3,4
37313                                                                                            4
37315                                                                                            3
37317                                                                                            3
37318                                                                                            4
37321                                                                                            4
37322                                                                                          3,4
37323                                                                                          3,4
37324                                                                                            4
37325                                                                                            3
37326                                                                                            3
37327                                                                                            4
37328                                                                                            4
37329                                                                                            3
37330                                                                                          4,6
37331                                                                                            3
37332                                                                                            4
37333                                                                                            3
37334                                                                                            4
37335                                                                                            4
37336                                                                                          3,4
37337                                                                                          4,6
37338                                                                                          3,4
37339                                                                                            4
37340                                                                                            4
37341                                                                                            3
37342                                                                                            6
37343                                                                                            3
37345                                                                                            4
37347                                                                                            4
37348                                                                                            4
37350                                                                                            3
37351                                                                                            3
37352                                                                                            4
37353                                                                                          3,4
37354                                                                                            3
37355                                                                                            6
37356                                                                                            4
37357                                                                                          4,6
37359                                                                                            4
37360                                                                                          4,6
37361                                                                                            3
37362                                                                                            3
37363                                                                                            3
37365                                                                                            4
37366                                                                                            4
37367                                                                                          4,6
37369                                                                                            3
37370                                                                                            3
37373                                                                                            3
37374                                                                                            4
37375                                                                                            4
37376                                                                                            4
37377                                                                                          3,4
37379                                                                                          3,4
37380                                                                                            4
37381                                                                                            4
37385                                                                                            3
37387                                                                                            4
37388                                                                                          4,6
37391                                                                                            3
37394                                                                                            4
37396                                                                                            4
37397                                                                                            4
37398                                                                                            4
37402                                                                                            3
37403                                                                                            3
37404                                                                                            3
37405                                                                                          3,4
37406                                                                                            3
37407                                                                                            3
37408                                                                                            3
37409                                                                                            3
37410                                                                                            3
37411                                                                                            3
37412                                                                                            3
37415                                                                                            3
37416                                                                                            3
37419                                                                                          3,4
37421                                                                                            3
37601                                                                                            1
37604                                                                                            1
37614                                                                                            1
37615                                                                                            1
37616                                                                                            1
37617                                                                                            1
37618                                                                                            1
37620                                                                                            1
37640                                                                                            1
37641                                                                                            1
37642                                                                                            1
37643                                                                                            1
37645                                                                                            1
37650                                                                                            1
37656                                                                                            1
37657                                                                                            1
37658                                                                                            1
37659                                                                                            1
37660                                                                                            1
37663                                                                                            1
37664                                                                                            1
37665                                                                                            1
37680                                                                                            1
37681                                                                                            1
37682                                                                                            1
37683                                                                                            1
37686                                                                                            1
37687                                                                                            1
37688                                                                                            1
37690                                                                                            1
37691                                                                                            1
37692                                                                                            1
37694                                                                                            1
37701                                                                                            2
37705                                                                                            3
37708                                                                                            2
37709                                                                                            2
37710                                                                                            3
37711                                                                                            1
37713                                                                                            1
37714                                                                                            3
37715                                                                                            2
37716                                                                                            3
37719                                                                                            3
37721                                                                                          2,3
37722                                                                                            1
37723                                                                                            6
37724                                                                                            2
37725                                                                                          1,2
37726                                                                                          3,6
37727                                                                                            1
37729                                                                                          2,3
37730                                                                                            2
37731                                                                                            1
37732                                                                                            3
37733                                                                                            3
37737                                                                                            2
37738                                                                                            1
37742                                                                                            2
37743                                                                                            1
37745                                                                                            1
37748                                                                                            3
37752                                                                                          1,2
37753                                                                                            1
37754                                                                                          2,3
37755                                                                                            3
37756                                                                                            3
37757                                                                                            3
37760                                                                                          1,2
37762                                                                                            2
37763                                                                                            3
37764                                                                                          1,2
37765                                                                                            1
37766                                                                                          2,3
37769                                                                                            3
37770                                                                                            3
37771                                                                                          2,3
37772                                                                                            2
37774                                                                                          2,3
37777                                                                                            2
37779                                                                                          2,3
37801                                                                                          2,3
37803                                                                                            2
37804                                                                                            2
37806                                                                                            2
37807                                                                                          2,3
37809                                                                                            1
37810                                                                                            1
37811                                                                                          1,2
37813                                                                                            1
37814                                                                                            1
37818                                                                                            1
37819                                                                                            2
37820                                                                                            2
37821                                                                                            1
37825                                                                                          2,3
37826                                                                                          3,4
37828                                                                                            3
37829                                                                                            3
37830                                                                                          2,3
37840                                                                                            3
37841                                                                                            3
37843                                                                                            1
37845                                                                                            3
37846                                                                                          2,3
37847                                                                                          2,3
37848                                                                                          2,3
37849                                                                                          2,3
37851                                                                                            2
37852                                                                                            3
37853                                                                                            2
37854                                                                                          3,6
37857                                                                                            1
37860                                                                                            1
37861                                                                                            2
37862                                                                                            1
37863                                                                                            1
37865                                                                                          1,2
37866                                                                                            3
37869                                                                                          1,2
37870                                                                                          2,3
37871                                                                                          1,2
37872                                                                                            3
37873                                                                                            1
37874                                                                                          2,3
37876                                                                                          1,2
37877                                                                                          1,2
37878                                                                                            2
37879                                                                                          1,2
37880                                                                                          3,4
37881                                                                                          1,2
37882                                                                                            2
37885                                                                                          2,3
37886                                                                                            2
37887                                                                                            3
37888                                                                                          2,3
37890                                                                                            1
37891                                                                                            1
37892                                                                                            3
37902                                                                                            2
37909                                                                                            2
37912                                                                                            2
37914                                                                                            2
37915                                                                                            2
37916                                                                                            2
37917                                                                                            2
37918                                                                                            2
37919                                                                                            2
37920                                                                                            2
37921                                                                                            2
37922                                                                                            2
37923                                                                                            2
37924                                                                                            2
37931                                                                                          2,3
37932                                                                                            2
37934                                                                                            2
37938                                                                                            2
38001                                                                                            8
38002                                                                                          8,9
38004                                                                                            8
38006                                                                                            8
38007                                                                                            8
38008                                                                                            7
38011                                                                                            8
38012                                                                                            8
38015                                                                                            8
38016                                                                                          8,9
38017                                                                                            8
38018                                                                                          8,9
38019                                                                                            8
38021                                                                                            8
38023                                                                                            8
38024                                                                                            8
38028                                                                                          8,9
38029                                                                                            8
38030                                                                                            8
38034                                                                                            8
38036                                                                                            8
38037                                                                                            8
38039                                                                                          7,8
38040                                                                                            8
38041                                                                                            8
38042                                                                                          7,8
38044                                                                                            7
38046                                                                                            8
38047                                                                                            8
38049                                                                                            8
38050                                                                                            8
38052                                                                                            7
38053                                                                                          8,9
38054                                                                                            9
38057                                                                                            8
38058                                                                                            8
38059                                                                                            8
38060                                                                                            8
38061                                                                                            7
38063                                                                                            8
38066                                                                                            8
38067                                                                                            7
38068                                                                                            8
38069                                                                                            8
38070                                                                                            8
38075                                                                                          7,8
38076                                                                                            8
38077                                                                                            8
38079                                                                                            8
38080                                                                                            8
38103                                                                                            9
38104                                                                                            9
38105                                                                                            9
38106                                                                                            9
38107                                                                                            9
38108                                                                                            9
38109                                                                                            9
38111                                                                                          8,9
38112                                                                                            9
38114                                                                                            9
38115                                                                                            9
38116                                                                                            9
38117                                                                                          8,9
38118                                                                                            9
38119                                                                                          8,9
38120                                                                                          8,9
38122                                                                                            9
38125                                                                                          8,9
38126                                                                                            9
38127                                                                                            9
38128                                                                                          8,9
38131                                                                                            9
38132                                                                                            9
38133                                                                                          8,9
38134                                                                                          8,9
38135                                                                                          8,9
38138                                                                                          8,9
38139                                                                                            8
38141                                                                                            9
38152                                                                                            9
38201                                                                                            8
38220                                                                                            8
38221                                                                                          7,8
38222                                                                                            8
38224                                                                                            8
38225                                                                                            8
38226                                                                                            8
38229                                                                                            8
38230                                                                                            8
38231                                                                                            8
38232                                                                                            8
38233                                                                                            8
38235                                                                                            8
38236                                                                                            8
38237                                                                                            8
38240                                                                                            8
38241                                                                                            8
38242                                                                                            8
38251                                                                                            8
38253                                                                                            8
38254                                                                                            8
38255                                                                                            8
38256                                                                                            8
38257                                                                                            8
38258                                                                                            8
38259                                                                                            8
38260                                                                                            8
38261                                                                                            8
38301                                                                                            8
38305                                                                                            8
38310                                                                                            7
38311                                                                                            7
38313                                                                                          7,8
38315                                                                                            7
38316                                                                                            8
38317                                                                                          7,8
38318                                                                                            8
38320                                                                                            7
38321                                                                                          7,8
38326                                                                                            7
38327                                                                                            7
38328                                                                                            7
38329                                                                                            7
38330                                                                                            8
38332                                                                                            7
38333                                                                                            7
38334                                                                                            7
38337                                                                                            8
38339                                                                                            7
38340                                                                                            7
38341                                                                                          7,8
38342                                                                                            8
38343                                                                                            8
38344                                                                                            8
38345                                                                                            7
38347                                                                                            7
38348                                                                                            8
38351                                                                                          7,8
38352                                                                                            7
38355                                                                                            8
38356                                                                                          7,8
38357                                                                                            7
38358                                                                                            8
38359                                                                                            7
38361                                                                                            7
38362                                                                                            8
38363                                                                                            7
38365                                                                                            7
38366                                                                                          7,8
38367                                                                                            7
38368                                                                                            7
38369                                                                                            8
38370                                                                                            7
38371                                                                                            7
38372                                                                                            7
38374                                                                                            7
38375                                                                                            7
38376                                                                                            7
38379                                                                                            7
38380                                                                                            7
38381                                                                                            7
38382                                                                                            8
38387                                                                                            8
38388                                                                                            7
38390                                                                                          7,8
38391                                                                                            8
38392                                                                                          7,8
38401                                                                                          4,7
38425                                                                                            7
38449                                                                                          4,7
38450                                                                                            7
38451                                                                                          4,7
38452                                                                                            7
38453                                                                                          4,7
38454                                                                                            7
38455                                                                                            7
38456                                                                                            7
38457                                                                                            7
38459                                                                                          4,7
38460                                                                                            7
38461                                                                                            7
38462                                                                                            7
38463                                                                                            7
38464                                                                                            7
38468                                                                                            7
38469                                                                                            7
38471                                                                                            7
38472                                                                                          4,7
38473                                                                                            7
38474                                                                                          4,7
38475                                                                                            7
38476                                                                                            7
38477                                                                                            7
38478                                                                                            7
38481                                                                                            7
38482                                                                                            7
38483                                                                                          4,7
38485                                                                                            7
38486                                                                                            7
38487                                                                                            7
38488                                                                                            4
38501                                                                                            6
38504                                                                                          3,6
38505                                                                                            6
38506                                                                                            6
38541                                                                                            6
38542                                                                                            6
38543                                                                                            6
38544                                                                                            6
38545                                                                                            6
38547                                                                                            6
38548                                                                                            6
38549                                                                                            6
38551                                                                                            6
38552                                                                                            6
38553                                                                                            6
38554                                                                                            6
38555                                                                                            6
38556                                                                                            6
38558                                                                                            6
38559                                                                                          4,6
38560                                                                                            6
38562                                                                                            6
38563                                                                                            6
38564                                                                                            6
38565                                                                                            6
38567                                                                                            6
38568                                                                                            6
38569                                                                                            6
38570                                                                                            6
38571                                                                                            6
38572                                                                                          4,6
38573                                                                                            6
38574                                                                                            6
38575                                                                                            6
38577                                                                                            6
38578                                                                                            6
38579                                                                                            6
38580                                                                                            6
38581                                                                                          4,6
38582                                                                                            6
38583                                                                                          4,6
38585                                                                                          4,6
38587                                                                                            6
38588                                                                                            6
38589                                                                                            6
42223                                                                                            7
42602                                                                                            6
72338                                                                                            8
