WISCONSIN CONGRESSIONAL DISTRICTS BY ZIP CODE TABULATION AREA (ZCTA)

ZCTA                                                                        Congressional District

53001                                                                                            6
53002                                                                                            5
53003                                                                                            5
53004                                                                                            6
53005                                                                                            5
53006                                                                                            6
53007                                                                                          4,5
53010                                                                                          5,6
53011                                                                                            6
53012                                                                                          5,6
53013                                                                                            6
53014                                                                                          6,8
53015                                                                                            6
53016                                                                                            5
53017                                                                                            5
53018                                                                                          1,5
53019                                                                                            6
53020                                                                                          6,8
53021                                                                                          5,6
53022                                                                                            5
53023                                                                                            6
53024                                                                                            6
53027                                                                                            5
53029                                                                                            5
53031                                                                                            6
53032                                                                                          5,6
53033                                                                                            5
53034                                                                                            5
53035                                                                                          5,6
53036                                                                                            5
53037                                                                                            5
53038                                                                                            5
53039                                                                                            5
53040                                                                                          5,6
53042                                                                                          6,8
53044                                                                                            6
53045                                                                                            5
53046                                                                                            5
53047                                                                                            5
53048                                                                                          5,6
53049                                                                                          6,8
53050                                                                                          5,6
53051                                                                                          4,5
53057                                                                                            6
53058                                                                                            5
53059                                                                                            5
53061                                                                                          6,8
53063                                                                                            6
53065                                                                                            6
53066                                                                                          1,5
53069                                                                                            5
53070                                                                                            6
53072                                                                                            5
53073                                                                                            6
53074                                                                                            6
53075                                                                                            6
53076                                                                                            5
53078                                                                                            5
53079                                                                                            6
53080                                                                                            6
53081                                                                                            6
53083                                                                                            6
53085                                                                                            6
53086                                                                                            5
53088                                                                                            8
53089                                                                                            5
53090                                                                                          5,6
53091                                                                                          5,6
53092                                                                                            6
53093                                                                                            6
53094                                                                                            5
53095                                                                                          5,6
53097                                                                                            6
53098                                                                                            5
53103                                                                                            1
53104                                                                                            1
53105                                                                                            1
53108                                                                                            1
53110                                                                                            4
53114                                                                                            1
53115                                                                                            1
53118                                                                                          1,5
53119                                                                                            1
53120                                                                                            1
53121                                                                                            1
53122                                                                                            5
53125                                                                                            1
53126                                                                                            1
53128                                                                                            1
53129                                                                                          1,5
53130                                                                                            1
53132                                                                                            1
53137                                                                                            5
53139                                                                                            1
53140                                                                                            1
53142                                                                                            1
53143                                                                                            1
53144                                                                                            1
53146                                                                                          1,5
53147                                                                                            1
53149                                                                                            1
53150                                                                                            1
53151                                                                                          1,5
53153                                                                                            1
53154                                                                                          1,4
53156                                                                                            5
53158                                                                                            1
53167                                                                                            1
53168                                                                                            1
53170                                                                                            1
53172                                                                                            4
53177                                                                                            1
53178                                                                                            5
53179                                                                                            1
53181                                                                                            1
53182                                                                                            1
53183                                                                                          1,5
53184                                                                                            1
53185                                                                                            1
53186                                                                                            5
53188                                                                                          1,5
53189                                                                                          1,5
53190                                                                                          1,5
53191                                                                                            1
53192                                                                                            1
53195                                                                                            1
53202                                                                                            4
53203                                                                                            4
53204                                                                                            4
53205                                                                                            4
53206                                                                                            4
53207                                                                                            4
53208                                                                                          4,5
53209                                                                                            4
53210                                                                                          4,5
53211                                                                                            4
53212                                                                                            4
53213                                                                                          4,5
53214                                                                                          4,5
53215                                                                                            4
53216                                                                                            4
53217                                                                                          4,6
53218                                                                                            4
53219                                                                                          4,5
53220                                                                                        1,4,5
53221                                                                                        1,4,5
53222                                                                                          4,5
53223                                                                                            4
53224                                                                                            4
53225                                                                                          4,5
53226                                                                                          4,5
53227                                                                                          4,5
53228                                                                                          4,5
53233                                                                                            4
53235                                                                                            4
53295                                                                                            4
53402                                                                                            1
53403                                                                                            1
53404                                                                                            1
53405                                                                                            1
53406                                                                                            1
53501                                                                                            2
53502                                                                                            2
53503                                                                                            2
53504                                                                                            2
53505                                                                                            1
53506                                                                                            2
53507                                                                                            2
53508                                                                                            2
53510                                                                                            2
53511                                                                                          1,2
53515                                                                                            2
53516                                                                                            2
53517                                                                                            2
53518                                                                                            3
53520                                                                                            2
53521                                                                                            2
53522                                                                                            2
53523                                                                                          2,5
53525                                                                                            1
53526                                                                                            2
53527                                                                                            2
53528                                                                                            2
53529                                                                                            2
53530                                                                                            2
53531                                                                                            2
53532                                                                                          2,6
53533                                                                                            2
53534                                                                                          2,5
53536                                                                                            2
53537                                                                                            2
53538                                                                                          1,5
53540                                                                                            2
53541                                                                                            2
53543                                                                                          2,3
53544                                                                                            2
53545                                                                                          1,2
53546                                                                                          1,2
53548                                                                                          1,2
53549                                                                                            5
53550                                                                                            2
53551                                                                                            5
53553                                                                                            2
53554                                                                                          2,3
53555                                                                                          2,6
53556                                                                                          2,3
53557                                                                                            5
53558                                                                                            2
53559                                                                                          2,5
53560                                                                                            2
53561                                                                                          2,6
53562                                                                                            2
53563                                                                                        1,2,5
53565                                                                                            2
53566                                                                                            2
53569                                                                                          2,3
53570                                                                                            2
53571                                                                                            2
53572                                                                                            2
53573                                                                                          2,3
53574                                                                                            2
53575                                                                                            2
53576                                                                                            2
53577                                                                                            2
53578                                                                                          2,6
53579                                                                                            5
53580                                                                                            2
53581                                                                                          2,3
53582                                                                                            2
53583                                                                                          2,6
53585                                                                                            1
53586                                                                                            2
53587                                                                                            2
53588                                                                                            2
53589                                                                                            2
53590                                                                                            2
53593                                                                                            2
53594                                                                                          2,5
53597                                                                                            2
53598                                                                                            2
53599                                                                                            2
53702                                                                                            5
53703                                                                                            2
53704                                                                                            2
53705                                                                                            2
53706                                                                                            2
53711                                                                                            2
53713                                                                                            2
53714                                                                                            2
53715                                                                                            2
53716                                                                                            2
53717                                                                                            2
53718                                                                                            2
53719                                                                                            2
53726                                                                                            2
53792                                                                                            2
53801                                                                                            3
53802                                                                                            3
53803                                                                                            2
53804                                                                                            3
53805                                                                                            3
53806                                                                                            3
53807                                                                                          2,3
53808                                                                                            3
53809                                                                                            3
53810                                                                                            3
53811                                                                                          2,3
53813                                                                                            3
53816                                                                                            3
53817                                                                                            3
53818                                                                                          2,3
53820                                                                                            3
53821                                                                                            3
53825                                                                                            3
53826                                                                                            3
53827                                                                                            3
53901                                                                                            6
53910                                                                                            3
53911                                                                                          2,6
53913                                                                                          2,6
53916                                                                                          5,6
53919                                                                                            6
53920                                                                                          3,6
53922                                                                                            6
53923                                                                                            6
53924                                                                                          2,3
53925                                                                                        2,5,6
53926                                                                                            6
53928                                                                                            6
53929                                                                                            3
53930                                                                                            6
53931                                                                                            6
53932                                                                                          5,6
53933                                                                                            6
53934                                                                                            3
53935                                                                                            6
53936                                                                                            3
53937                                                                                          2,3
53939                                                                                            6
53941                                                                                          2,3
53943                                                                                            2
53944                                                                                          2,3
53946                                                                                            6
53947                                                                                            6
53948                                                                                            3
53949                                                                                            6
53950                                                                                          3,7
53951                                                                                            2
53952                                                                                          3,6
53953                                                                                            6
53954                                                                                            6
53955                                                                                            6
53956                                                                                          5,6
53959                                                                                            2
53960                                                                                            6
53961                                                                                            2
53963                                                                                            6
53964                                                                                          3,6
53965                                                                                        2,3,6
53968                                                                                          2,3
53969                                                                                            6
54001                                                                                            7
54002                                                                                            7
54003                                                                                            3
54004                                                                                            7
54005                                                                                          3,7
54006                                                                                            7
54007                                                                                            7
54009                                                                                            7
54010                                                                                            3
54011                                                                                            3
54013                                                                                          3,7
54014                                                                                            3
54015                                                                                            7
54016                                                                                            7
54017                                                                                            7
54020                                                                                            7
54021                                                                                            3
54022                                                                                          3,7
54023                                                                                            7
54024                                                                                            7
54025                                                                                            7
54026                                                                                            7
54027                                                                                            7
54028                                                                                            7
54082                                                                                            7
54101                                                                                            8
54102                                                                                            8
54103                                                                                          7,8
54104                                                                                          7,8
54106                                                                                            8
54107                                                                                            8
54110                                                                                          6,8
54111                                                                                            8
54112                                                                                            8
54113                                                                                            8
54114                                                                                            8
54115                                                                                            8
54119                                                                                            8
54120                                                                                          7,8
54121                                                                                            7
54123                                                                                            8
54124                                                                                            8
54125                                                                                          7,8
54126                                                                                          6,8
54127                                                                                            8
54128                                                                                            8
54129                                                                                            8
54130                                                                                            8
54135                                                                                            8
54136                                                                                            8
54137                                                                                            8
54138                                                                                            8
54139                                                                                            8
54140                                                                                            8
54141                                                                                            8
54143                                                                                            8
54149                                                                                            8
54150                                                                                            8
54151                                                                                          7,8
54153                                                                                            8
54154                                                                                            8
54155                                                                                            8
54156                                                                                            8
54157                                                                                            8
54159                                                                                            8
54160                                                                                            8
54161                                                                                            8
54162                                                                                            8
54165                                                                                            8
54166                                                                                            8
54169                                                                                            8
54170                                                                                            8
54171                                                                                            8
54173                                                                                            8
54174                                                                                            8
54175                                                                                          7,8
54177                                                                                            8
54180                                                                                            8
54201                                                                                            8
54202                                                                                            8
54204                                                                                            8
54205                                                                                            8
54207                                                                                            6
54208                                                                                          6,8
54209                                                                                            8
54210                                                                                            8
54211                                                                                            8
54212                                                                                            8
54213                                                                                            8
54214                                                                                            6
54216                                                                                            8
54217                                                                                            8
54220                                                                                            6
54227                                                                                            6
54228                                                                                            6
54229                                                                                            8
54230                                                                                            6
54232                                                                                            6
54234                                                                                            8
54235                                                                                            8
54241                                                                                            6
54245                                                                                            6
54246                                                                                            8
54247                                                                                            6
54301                                                                                            8
54302                                                                                            8
54303                                                                                            8
54304                                                                                            8
54307                                                                                            8
54311                                                                                            8
54313                                                                                            8
54401                                                                                            7
54403                                                                                            7
54405                                                                                            7
54406                                                                                            3
54407                                                                                            3
54408                                                                                          7,8
54409                                                                                          7,8
54410                                                                                          3,7
54411                                                                                            7
54412                                                                                          3,7
54413                                                                                          3,7
54414                                                                                          7,8
54416                                                                                            8
54417                                                                                            7
54418                                                                                            7
54420                                                                                            7
54421                                                                                            7
54422                                                                                            7
54423                                                                                            3
54424                                                                                            7
54425                                                                                            7
54426                                                                                            7
54427                                                                                          7,8
54428                                                                                            7
54430                                                                                            7
54433                                                                                            7
54435                                                                                            7
54436                                                                                            7
54437                                                                                            7
54440                                                                                            7
54441                                                                                            7
54442                                                                                            7
54443                                                                                          3,7
54446                                                                                            7
54447                                                                                            7
54448                                                                                            7
54449                                                                                            7
54450                                                                                            8
54451                                                                                            7
54452                                                                                            7
54454                                                                                          3,7
54455                                                                                          3,7
54456                                                                                            7
54457                                                                                          3,7
54458                                                                                            3
54459                                                                                            7
54460                                                                                            7
54462                                                                                            7
54463                                                                                            7
54465                                                                                            7
54466                                                                                          3,7
54467                                                                                            3
54469                                                                                            3
54470                                                                                            7
54471                                                                                            7
54473                                                                                          3,7
54474                                                                                            7
54475                                                                                            3
54476                                                                                            7
54479                                                                                            7
54480                                                                                            7
54481                                                                                            3
54482                                                                                            3
54484                                                                                            7
54485                                                                                            7
54486                                                                                            8
54487                                                                                            7
54488                                                                                            7
54489                                                                                          3,7
54490                                                                                            7
54491                                                                                          7,8
54493                                                                                            7
54494                                                                                            3
54495                                                                                          3,7
54498                                                                                            7
54499                                                                                        3,7,8
54501                                                                                            7
54511                                                                                            7
54512                                                                                            7
54513                                                                                            7
54514                                                                                            7
54515                                                                                            7
54517                                                                                            7
54519                                                                                            7
54520                                                                                            7
54521                                                                                            7
54524                                                                                            7
54525                                                                                            7
54526                                                                                            7
54527                                                                                            7
54529                                                                                            7
54530                                                                                            7
54531                                                                                            7
54534                                                                                            7
54536                                                                                            7
54537                                                                                            7
54538                                                                                            7
54539                                                                                            7
54540                                                                                            7
54541                                                                                            7
54542                                                                                            7
54545                                                                                            7
54546                                                                                            7
54547                                                                                            7
54548                                                                                            7
54550                                                                                            7
54552                                                                                            7
54554                                                                                            7
54555                                                                                            7
54556                                                                                            7
54557                                                                                            7
54558                                                                                            7
54559                                                                                            7
54560                                                                                            7
54561                                                                                            7
54562                                                                                            7
54563                                                                                            7
54564                                                                                            7
54565                                                                                            7
54566                                                                                            7
54568                                                                                            7
54601                                                                                            3
54603                                                                                            3
54610                                                                                            3
54611                                                                                          3,7
54612                                                                                            3
54613                                                                                            3
54614                                                                                            3
54615                                                                                          3,7
54616                                                                                            3
54618                                                                                          3,7
54619                                                                                            3
54621                                                                                            3
54622                                                                                            3
54623                                                                                            3
54624                                                                                            3
54625                                                                                            3
54626                                                                                            3
54627                                                                                            3
54628                                                                                            3
54629                                                                                            3
54630                                                                                            3
54631                                                                                            3
54632                                                                                            3
54634                                                                                            3
54635                                                                                          3,7
54636                                                                                            3
54637                                                                                            3
54638                                                                                            3
54639                                                                                            3
54641                                                                                            7
54642                                                                                            3
54643                                                                                            3
54644                                                                                            3
54645                                                                                            3
54646                                                                                            7
54648                                                                                            3
54650                                                                                            3
54651                                                                                            3
54652                                                                                            3
54653                                                                                            3
54654                                                                                            3
54655                                                                                            3
54656                                                                                            3
54657                                                                                            3
54658                                                                                            3
54659                                                                                            3
54660                                                                                          3,7
54661                                                                                            3
54664                                                                                            3
54665                                                                                            3
54666                                                                                          3,7
54667                                                                                            3
54669                                                                                            3
54670                                                                                            3
54701                                                                                            3
54703                                                                                            3
54720                                                                                            3
54721                                                                                            3
54722                                                                                            3
54723                                                                                            3
54724                                                                                          3,7
54725                                                                                            3
54726                                                                                          3,7
54727                                                                                          3,7
54728                                                                                            7
54729                                                                                          3,7
54730                                                                                          3,7
54731                                                                                            7
54732                                                                                            7
54733                                                                                            7
54734                                                                                          3,7
54736                                                                                            3
54737                                                                                            3
54738                                                                                            3
54739                                                                                            3
54740                                                                                            3
54741                                                                                          3,7
54742                                                                                            3
54745                                                                                            7
54746                                                                                            7
54747                                                                                            3
54748                                                                                            7
54749                                                                                          3,7
54750                                                                                            3
54751                                                                                            3
54754                                                                                          3,7
54755                                                                                            3
54756                                                                                            3
54757                                                                                          3,7
54758                                                                                            3
54759                                                                                            3
54760                                                                                            3
54761                                                                                            3
54762                                                                                          3,7
54763                                                                                          3,7
54765                                                                                            3
54766                                                                                            7
54767                                                                                          3,7
54768                                                                                          3,7
54769                                                                                            3
54770                                                                                            3
54771                                                                                            7
54772                                                                                            3
54773                                                                                            3
54801                                                                                            7
54805                                                                                            7
54806                                                                                            7
54810                                                                                            7
54812                                                                                            7
54813                                                                                            7
54814                                                                                            7
54817                                                                                            7
54819                                                                                            7
54820                                                                                            7
54821                                                                                            7
54822                                                                                            7
54824                                                                                            7
54826                                                                                            7
54827                                                                                            7
54828                                                                                            7
54829                                                                                            7
54830                                                                                            7
54832                                                                                            7
54835                                                                                            7
54836                                                                                            7
54837                                                                                            7
54838                                                                                            7
54839                                                                                            7
54840                                                                                            7
54841                                                                                            7
54842                                                                                            7
54843                                                                                            7
54844                                                                                            7
54845                                                                                            7
54846                                                                                            7
54847                                                                                            7
54848                                                                                            7
54849                                                                                            7
54850                                                                                            7
54853                                                                                            7
54854                                                                                            7
54855                                                                                            7
54856                                                                                            7
54857                                                                                            7
54858                                                                                            7
54859                                                                                            7
54861                                                                                            7
54862                                                                                            7
54864                                                                                            7
54865                                                                                            7
54867                                                                                            7
54868                                                                                            7
54870                                                                                            7
54871                                                                                            7
54872                                                                                            7
54873                                                                                            7
54874                                                                                            7
54875                                                                                            7
54876                                                                                            7
54880                                                                                            7
54888                                                                                            7
54889                                                                                            7
54891                                                                                            7
54893                                                                                            7
54895                                                                                            7
54896                                                                                            7
54901                                                                                            6
54902                                                                                            6
54904                                                                                          6,8
54909                                                                                          3,6
54911                                                                                            8
54913                                                                                            8
54914                                                                                          6,8
54915                                                                                          6,8
54921                                                                                            3
54922                                                                                            8
54923                                                                                            6
54927                                                                                            8
54928                                                                                            8
54929                                                                                            8
54930                                                                                          3,6
54931                                                                                            8
54932                                                                                            6
54933                                                                                            8
54934                                                                                            6
54935                                                                                            6
54937                                                                                            6
54940                                                                                          6,8
54941                                                                                            6
54942                                                                                            8
54943                                                                                          3,6
54944                                                                                            8
54945                                                                                          3,8
54946                                                                                            8
54947                                                                                          6,8
54948                                                                                            8
54949                                                                                            8
54950                                                                                            8
54952                                                                                          6,8
54956                                                                                          6,8
54960                                                                                            6
54961                                                                                            8
54962                                                                                            8
54963                                                                                          6,8
54964                                                                                            6
54965                                                                                          6,8
54966                                                                                          3,6
54967                                                                                            6
54968                                                                                            6
54970                                                                                            6
54971                                                                                            6
54974                                                                                            6
54977                                                                                          3,8
54979                                                                                            6
54980                                                                                            6
54981                                                                                        3,6,8
54982                                                                                            6
54983                                                                                          6,8
54984                                                                                          3,6
54985                                                                                            6
54986                                                                                          6,8
